13
0 12 1
0 11 1
0 10 1
0 9 1
0 8 1
0 7 1
0 6 1
0 5 1
0 4 1
0 3 1
0 2 1
0 1 1
1 1 1
2 1 1
2 2 1
2 3 1
2 4 1
2 5 1
2 6 1
2 7 1
2 8 1
2 9 1
2 10 1
2 11 1
3 11 1
4 11 1
4 10 1
4 9 1
4 8 1
4 7 1
4 6 1
4 5 1
4 4 1
4 3 1
4 2 1
4 1 1
5 1 1
6 1 1
6 2 1
6 3 1
6 4 1
6 5 1
6 6 1
6 7 1
6 8 1
6 9 1
6 10 1
6 11 1
7 11 1
8 11 1
8 10 1
8 9 1
8 8 1
8 7 1
8 6 1
8 5 1
8 4 1
8 3 1
8 2 1
8 1 1
9 1 1
10 1 1
10 2 1
10 3 1
10 4 1
10 5 1
10 6 1
10 7 1
10 8 1
10 9 1
10 10 1
10 11 1
11 11 1
12 11 1
12 10 1
12 9 1
12 8 1
12 7 1
12 6 1
12 5 1
12 4 1
12 3 1
12 2 1
12 1 1
12 0 1
