99
7 68 1
36 75 2
11 31 1
83 42 2
91 41 1
7 15 2
12 61 1
66 37 2
30 52 1
4 86 2
84 27 1
88 83 2
32 8 1
72 57 2
11 18 1
68 27 2
36 80 1
37 45 2
47 39 1
36 69 2
59 13 1
84 76 2
30 47 1
30 91 2
69 14 1
59 10 2
73 95 1
91 18 2
83 61 1
32 26 2
81 28 1
95 60 2
67 55 1
21 91 2
56 32 1
28 50 2
43 13 1
80 22 2
76 24 1
77 30 2
96 10 1
48 78 2
85 65 1
35 38 2
97 40 1
98 54 2
22 1 1
51 79 2
63 17 1
25 17 2
60 3 1
23 20 2
88 87 1
61 63 2
75 79 1
4 91 2
67 91 1
21 57 2
68 68 1
94 54 2
1 90 1
55 82 2
44 47 1
83 51 2
63 79 1
3 89 2
82 88 1
40 19 2
44 0 1
10 43 2
95 20 1
76 79 2
51 11 1
43 80 2
59 53 1
51 91 2
39 68 1
62 70 2
51 16 1
10 60 2
48 15 1
18 78 2
88 90 1
10 1 2
26 35 1
25 4 2
34 61 1
84 94 2
73 8 1
56 38 2
41 26 1
15 23 2
83 96 1
45 31 2
51 85 1
8 81 2
82 81 1
46 63 2
84 67 1
17 56 2
20 66 1
90 98 2
21 4 1
88 80 2
37 62 1
13 67 2
51 48 1
60 69 2
98 3 1
48 89 2
20 61 1
57 61 2
25 87 1
5 30 2
90 1 1
33 92 2
76 20 1
42 97 2
7 5 1
78 97 2
66 13 1
0 71 2
40 84 1
56 97 2
79 45 1
51 62 2
10 62 1
14 66 2
24 70 1
57 67 2
62 82 1
15 0 2
53 86 1
92 22 2
28 79 1
43 92 2
81 17 1
44 28 2
4 78 1
37 19 2
90 59 1
23 24 2
92 35 1
27 27 2
91 79 1
60 77 2
70 0 1
79 79 2
10 30 1
11 15 2
96 37 1
65 88 2
32 63 1
52 73 2
12 71 1
31 45 2
11 77 1
56 2 2
0 82 1
19 18 2
80 47 1
78 76 2
65 58 1
28 80 2
95 22 1
3 65 2
50 57 1
29 0 2
11 78 1
35 31 2
62 13 1
54 39 2
49 23 1
88 12 2
95 81 1
60 24 2
28 51 1
95 87 2
70 56 1
16 74 2
90 11 1
23 5 2
18 52 1
10 68 2
14 48 1
71 96 2
76 68 1
58 94 2
79 1 1
6 35 2
35 83 1
92 8 2
20 25 1
94 85 2
76 60 1
3 15 2
95 84 1
41 85 2
81 77 1
19 88 2
16 53 1
11 66 2
5 63 1
2 30 2
79 44 1
42 52 2
53 39 1
45 22 2
92 44 1
97 34 2
74 51 1
21 17 2
46 84 1
50 66 2
66 49 1
5 40 2
63 94 1
52 81 2
74 70 1
67 35 2
91 66 1
94 12 2
13 94 1
87 52 2
98 59 1
47 53 2
27 84 1
46 47 2
80 78 1
49 93 2
18 57 1
57 18 2
76 29 1
1 75 2
55 18 1
75 18 2
68 11 1
42 42 2
95 14 1
72 47 2
46 59 1
81 73 2
59 42 1
87 51 2
75 77 1
19 97 2
44 37 1
82 58 2
75 92 1
2 55 2
24 40 1
91 39 2
61 58 1
0 77 2
78 96 1
45 92 2
96 2 1
93 30 2
60 81 1
58 68 2
93 44 1
30 61 2
28 73 1
12 49 2
1 21 1
5 42 2
85 31 1
37 41 2
85 40 1
16 24 2
20 72 1
38 0 2
39 31 1
6 76 2
86 78 1
69 61 2
42 90 1
82 16 2
32 27 1
80 95 2
89 95 1
70 77 2
52 69 1
74 43 2
8 50 1
62 83 2
90 40 1
79 64 2
86 15 1
37 80 2
67 80 1
62 84 2
46 76 1
96 83 2
47 11 1
32 52 2
12 22 1
55 37 2
65 90 1
56 17 2
7 28 1
47 8 2
9 75 1
34 67 2
5 52 1
92 86 2
80 19 1
31 47 2
0 34 1
16 61 2
85 33 1
43 52 2
33 35 1
4 28 2
29 12 1
57 88 2
29 7 1
45 96 2
61 65 1
3 84 2
50 51 1
58 41 2
40 16 1
51 24 2
52 4 1
47 96 2
68 10 1
69 45 2
65 6 1
86 5 2
11 30 1
86 38 2
19 53 1
47 31 2
41 11 1
12 70 2
35 33 1
19 22 2
54 26 1
6 26 2
73 90 1
33 70 2
78 2 1
76 93 2
76 34 1
87 69 2
58 96 1
8 65 2
69 3 1
47 60 2
60 35 1
50 94 2
96 60 1
37 33 2
49 59 1
31 86 2
12 93 1
58 49 2
79 26 1
1 4 2
96 74 1
61 92 2
75 45 1
42 78 2
1 44 1
66 56 2
70 46 1
50 55 2
94 69 1
45 10 2
55 94 1
5 15 2
1 95 1
15 11 2
54 33 1
56 98 2
20 55 1
38 85 2
22 95 1
62 51 2
65 22 1
90 69 2
57 26 1
21 38 2
41 90 1
47 41 2
92 16 1
90 68 2
93 41 1
78 95 2
19 58 1
6 48 2
30 33 1
36 77 2
4 5 1
8 56 2
73 56 1
27 11 2
74 22 1
16 50 2
79 2 1
47 85 2
78 84 1
42 82 2
46 9 1
18 64 2
51 56 1
43 6 2
19 35 1
61 29 2
14 98 1
91 71 2
47 47 1
98 71 2
89 9 1
3 24 2
68 2 1
93 12 2
46 29 1
55 1 2
24 31 1
79 22 2
80 40 1
50 29 2
38 21 1
51 65 2
93 56 1
85 73 2
97 55 1
79 7 2
17 29 1
50 91 2
8 10 1
89 82 2
58 87 1
49 28 2
40 57 1
1 71 2
94 26 1
16 82 2
22 77 1
52 6 2
63 93 1
22 21 2
63 13 1
92 38 2
53 49 1
56 72 2
92 9 1
89 25 2
65 70 1
59 37 2
76 56 1
82 10 2
66 70 1
41 53 2
39 26 1
57 79 2
84 84 1
59 31 2
87 72 1
11 50 2
85 64 1
28 72 2
62 5 1
59 95 2
44 22 1
88 65 2
21 9 1
36 85 2
54 27 1
89 89 2
91 63 1
66 54 2
66 73 1
75 0 2
74 85 1
56 12 2
64 16 1
51 18 2
57 76 1
72 20 2
31 78 1
34 86 2
22 62 1
35 8 2
29 32 1
54 0 2
7 31 1
47 22 2
98 89 1
94 94 2
1 88 1
75 75 2
70 21 1
41 37 2
65 94 1
82 54 2
39 66 1
83 64 2
42 2 1
93 94 2
60 97 1
30 17 2
24 82 1
63 41 2
36 78 1
16 93 2
93 89 1
16 60 2
94 55 1
32 43 2
73 15 1
31 43 2
50 80 1
54 29 2
41 93 1
61 10 2
4 89 1
41 76 2
13 52 1
2 52 2
17 70 1
38 65 2
66 38 1
90 3 2
62 42 1
19 21 2
97 43 1
56 90 2
39 17 1
76 52 2
34 70 1
63 44 2
64 92 1
2 70 2
52 47 1
31 22 2
46 6 1
53 57 2
61 60 1
61 74 2
51 86 1
80 45 2
67 41 1
28 88 2
56 66 1
66 53 2
91 55 1
30 45 2
94 10 1
6 42 2
92 12 1
48 76 2
58 27 1
33 67 2
31 14 1
93 33 2
51 25 1
47 71 2
24 20 1
17 66 2
25 6 1
8 31 2
53 10 1
33 27 2
84 48 1
48 33 2
77 66 1
34 53 2
15 46 1
92 68 2
89 49 1
5 64 2
88 76 1
42 28 2
24 44 1
25 69 2
24 87 1
85 87 2
71 43 1
14 53 2
27 96 1
20 91 2
48 12 1
62 1 2
84 93 1
60 66 2
48 27 1
2 24 2
21 95 1
39 34 2
94 5 1
45 88 2
39 75 1
93 13 2
81 10 1
48 87 2
75 23 1
13 26 2
89 78 1
16 7 2
42 91 1
28 24 2
58 6 1
32 11 2
57 6 1
21 98 2
72 1 1
93 11 2
35 45 1
93 84 2
16 4 1
57 12 2
90 71 1
7 57 2
22 38 1
2 7 2
80 94 1
43 18 2
56 53 1
55 25 2
7 19 1
66 75 2
84 17 1
23 14 2
12 96 1
50 75 2
38 67 1
56 41 2
46 62 1
95 47 2
26 62 1
95 76 2
95 95 1
37 36 2
82 91 1
30 56 2
43 68 1
40 88 2
59 32 1
52 46 2
34 97 1
20 57 2
69 59 1
8 79 2
72 98 1
35 46 2
32 35 1
93 40 2
66 47 1
59 24 2
13 34 1
11 40 2
64 73 1
36 63 2
93 63 1
1 58 2
5 82 1
20 44 2
86 60 1
56 4 2
12 0 1
97 72 2
41 59 1
11 94 2
96 96 1
97 20 2
0 31 1
9 92 2
45 5 1
36 3 2
96 31 1
85 38 2
82 25 1
76 21 2
20 18 1
76 90 2
83 98 1
30 96 2
92 71 1
24 21 2
59 20 1
25 59 2
67 44 1
87 50 2
66 78 1
54 36 2
72 2 1
80 46 2
88 39 1
39 86 2
88 36 1
96 38 2
67 2 1
96 90 2
3 27 1
81 6 2
43 86 1
21 39 2
87 75 1
2 81 2
11 13 1
15 10 2
93 80 1
19 95 2
50 45 1
10 31 2
92 83 1
78 63 2
91 73 1
5 87 2
88 25 1
9 42 2
4 52 1
14 64 2
2 35 1
20 56 2
86 12 1
2 95 2
35 9 1
31 4 2
6 55 1
0 32 2
75 2 1
15 52 2
21 23 1
39 36 2
16 3 1
83 4 2
51 52 1
70 15 2
19 60 1
77 41 2
10 38 1
87 35 2
37 61 1
27 87 2
55 62 1
40 59 2
42 61 1
37 9 2
66 10 1
68 73 2
25 67 1
64 64 2
79 77 1
36 2 2
60 93 1
77 12 2
71 72 1
27 94 2
65 97 1
6 19 2
21 59 1
41 49 2
50 12 1
72 76 2
24 53 1
48 70 2
41 46 1
46 53 2
90 75 1
8 6 2
54 56 1
53 38 2
74 18 1
73 42 2
6 96 1
43 91 2
6 70 1
32 83 2
92 18 1
77 26 2
6 78 1
21 29 2
19 14 1
88 37 2
59 77 1
48 0 2
45 29 1
88 68 2
36 24 1
17 0 2
86 69 1
31 41 2
48 45 1
18 69 2
56 89 1
12 43 2
41 87 1
58 12 2
41 23 1
24 57 2
95 35 1
91 8 2
34 55 1
45 20 2
11 34 1
63 56 2
18 47 1
77 38 2
84 87 1
67 73 2
10 88 1
95 94 2
55 33 1
29 88 2
35 85 1
93 69 2
25 42 1
55 93 2
16 5 1
66 69 2
6 59 1
71 48 2
61 66 1
32 66 2
20 22 1
74 12 2
87 41 1
43 9 2
72 38 1
17 8 2
23 38 1
48 29 2
81 33 1
53 68 2
68 62 1
34 98 2
42 60 1
8 3 2
97 51 1
3 22 2
76 10 1
73 66 2
96 45 1
97 84 2
64 3 1
2 91 2
96 55 1
38 31 2
68 87 1
33 18 2
78 93 1
83 71 2
20 21 1
21 64 2
26 25 1
40 32 2
79 19 1
28 10 2
50 18 1
83 73 2
91 0 1
83 28 2
64 90 1
53 78 2
91 88 1
21 93 2
33 44 1
80 98 2
56 70 1
79 72 2
43 93 1
55 41 2
70 65 1
14 75 2
2 82 1
65 23 2
18 67 1
12 54 2
41 86 1
3 51 2
74 76 1
8 97 2
41 54 1
33 32 2
36 23 1
95 42 2
17 77 1
14 36 2
13 96 1
89 14 2
94 18 1
28 58 2
44 55 1
74 10 2
76 51 1
29 24 2
22 27 1
62 40 2
4 58 1
60 85 2
36 22 1
25 12 2
47 94 1
55 12 2
6 81 1
63 55 2
34 25 1
23 79 2
78 44 1
11 71 2
10 16 1
75 90 2
89 24 1
71 77 2
68 30 1
84 28 2
58 0 1
58 50 2
55 4 1
55 30 2
5 95 1
23 71 2
2 98 1
43 30 2
55 8 1
24 56 2
70 23 1
48 77 2
0 73 1
30 1 2
5 48 1
60 98 2
30 40 1
63 1 2
45 16 1
41 25 2
5 85 1
94 22 2
30 65 1
81 31 2
32 9 1
88 82 2
68 13 1
37 55 2
30 92 1
57 80 2
11 57 1
68 26 2
70 12 1
18 5 2
79 95 1
38 13 2
51 51 1
14 22 2
54 38 1
96 57 2
25 24 1
76 95 2
70 98 1
28 48 2
67 16 1
23 88 2
82 49 1
93 93 2
7 14 1
90 76 2
73 1 1
87 55 2
81 85 1
76 6 2
70 26 1
51 28 2
95 21 1
70 39 2
96 67 1
42 93 2
91 93 1
63 53 2
97 82 1
71 64 2
9 3 1
22 29 2
14 56 1
40 45 2
52 12 1
31 90 2
77 31 1
15 32 2
44 48 1
96 0 2
3 13 1
24 8 2
13 64 1
2 17 2
45 60 1
51 93 2
32 14 1
40 40 2
88 19 1
43 29 2
97 66 1
7 65 2
85 94 1
43 33 2
34 11 1
60 27 2
72 74 1
30 79 2
37 11 1
32 67 2
73 85 1
60 62 2
65 44 1
32 0 2
89 54 1
52 7 2
32 93 1
43 60 2
6 24 1
71 58 2
42 13 1
5 97 2
2 64 1
72 59 2
74 94 1
5 71 2
28 39 1
39 79 2
70 25 1
89 59 2
57 51 1
92 67 2
70 74 1
84 65 2
63 39 1
22 7 2
80 48 1
13 89 2
46 34 1
94 96 2
78 65 1
32 50 2
4 36 1
5 76 2
54 6 1
33 64 2
16 33 1
62 64 2
38 5 1
85 29 2
74 16 1
88 54 2
29 11 1
71 37 2
6 3 1
34 4 2
23 55 1
4 47 2
57 54 1
23 81 2
90 20 1
17 71 2
55 58 1
90 13 2
87 24 1
13 29 2
97 81 1
59 48 2
2 72 1
40 25 2
30 94 1
1 70 2
10 61 1
75 10 2
27 62 1
44 64 2
0 1 1
27 25 2
36 12 1
1 10 2
17 20 1
44 69 2
0 30 1
17 83 2
75 84 1
65 84 2
98 9 1
5 2 2
13 41 1
3 23 2
46 83 1
2 89 2
6 85 1
37 18 2
22 9 1
16 49 2
52 27 1
91 25 2
11 92 1
27 68 2
89 21 1
33 41 2
59 96 1
21 51 2
13 79 1
23 41 2
41 27 1
90 74 2
61 98 1
26 3 2
22 14 1
76 64 2
95 54 1
76 69 2
5 98 1
22 12 2
73 41 1
44 76 2
3 60 1
22 88 2
7 61 1
36 50 2
43 79 1
25 66 2
8 32 1
49 69 2
23 82 1
87 36 2
85 71 1
56 80 2
77 46 1
37 89 2
83 40 1
90 86 2
3 88 1
9 71 2
14 34 1
43 64 2
1 85 1
43 16 2
34 90 1
31 61 2
80 17 1
31 10 2
14 21 1
1 28 2
40 73 1
36 91 2
19 78 1
81 90 2
60 41 1
72 89 2
75 91 1
83 62 2
76 62 1
69 4 2
54 30 1
70 29 2
51 57 1
56 28 2
55 75 1
59 18 2
28 9 1
10 78 2
37 34 1
95 15 2
34 91 1
20 5 2
40 75 1
56 45 2
74 27 1
89 23 2
67 0 1
29 10 2
50 96 1
86 33 2
42 40 1
78 0 2
43 71 1
59 41 2
9 21 1
62 16 2
60 1 1
58 75 2
91 87 1
34 63 2
33 78 1
82 41 2
9 9 1
54 95 2
58 48 1
86 93 2
31 46 1
34 43 2
67 85 1
63 54 2
95 52 1
8 71 2
47 0 1
66 31 2
49 6 1
80 7 2
85 28 1
48 30 2
83 13 1
63 24 2
56 91 1
13 76 2
34 62 1
85 45 2
15 73 1
53 90 2
57 84 1
66 67 2
34 8 1
53 34 2
40 2 1
61 93 2
93 70 1
35 24 2
42 74 1
40 87 2
52 14 1
21 53 2
13 49 1
30 76 2
40 61 1
8 14 2
73 49 1
71 6 2
17 49 1
4 73 2
67 81 1
21 3 2
62 97 1
40 12 2
91 30 1
6 73 2
49 90 1
44 31 2
86 87 1
71 94 2
12 26 1
84 8 2
15 81 1
27 15 2
91 16 1
62 86 2
85 98 1
67 95 2
63 71 1
23 65 2
50 59 1
30 81 2
72 22 1
83 29 2
54 43 1
98 86 2
24 47 1
38 16 2
73 92 1
84 7 2
39 89 1
39 2 2
89 92 1
40 71 2
47 33 1
77 75 2
25 8 1
3 20 2
95 90 1
10 67 2
1 86 1
93 37 2
5 94 1
41 7 2
86 7 1
61 62 2
35 40 1
81 49 2
76 35 1
95 44 2
60 40 1
62 33 2
64 34 1
5 54 2
32 84 1
45 44 2
5 81 1
64 28 2
71 88 1
30 77 2
70 95 1
43 24 2
3 0 1
34 51 2
80 87 1
53 22 2
6 33 1
51 82 2
8 44 1
9 87 2
19 73 1
94 59 2
15 1 1
45 94 2
37 29 1
82 82 2
28 36 1
19 24 2
94 62 1
83 75 2
39 60 1
57 58 2
41 66 1
91 22 2
44 54 1
70 87 2
10 51 1
6 93 2
32 28 1
1 60 2
93 98 1
90 18 2
21 63 1
66 41 2
85 23 1
17 62 2
15 13 1
46 64 2
91 97 1
9 50 2
77 29 1
12 15 2
94 90 1
91 47 2
88 43 1
14 62 2
25 39 1
7 13 2
85 14 1
25 81 2
32 57 1
45 39 2
27 12 1
92 2 2
46 32 1
68 66 2
3 64 1
70 57 2
33 26 1
24 96 2
16 73 1
23 74 2
31 32 1
70 58 2
75 64 1
54 55 2
4 68 1
34 12 2
82 95 1
80 41 2
59 98 1
1 35 2
97 49 1
49 32 2
76 72 1
17 18 2
86 73 1
68 96 2
61 51 1
9 64 2
9 76 1
53 4 2
14 41 1
20 63 2
14 74 1
64 41 2
67 63 1
98 98 2
73 74 1
68 32 2
24 76 1
1 30 2
0 25 1
3 85 2
50 88 1
79 41 2
41 92 1
62 73 2
10 85 1
45 12 2
88 4 1
46 72 2
14 50 1
49 94 2
5 56 1
52 98 2
48 92 1
9 79 2
88 92 1
7 95 2
29 15 1
3 54 2
38 63 1
90 16 2
32 59 1
45 14 2
86 71 1
12 40 2
5 33 1
3 75 2
34 45 1
91 80 2
14 65 1
68 16 2
57 52 1
56 57 2
20 35 1
43 65 2
1 24 1
81 71 2
50 89 1
97 29 2
9 44 1
24 28 2
22 76 1
96 82 2
11 69 1
54 89 2
98 31 1
37 95 2
52 53 1
80 63 2
29 45 1
72 52 2
12 19 1
46 26 2
0 76 1
21 8 2
93 59 1
55 44 2
13 90 1
17 34 2
97 91 1
16 80 2
85 72 1
14 29 2
57 46 1
53 30 2
55 49 1
93 75 2
70 92 1
86 68 2
85 39 1
83 9 2
54 63 1
92 21 2
74 84 1
29 51 2
75 46 1
41 51 2
78 9 1
60 20 2
1 25 1
84 54 2
82 26 1
16 78 2
42 32 1
5 13 2
60 16 1
49 91 2
88 66 1
94 65 2
44 19 1
53 41 2
70 78 1
88 30 2
15 75 1
80 51 2
29 63 1
49 17 2
44 8 1
47 37 2
86 56 1
73 84 2
58 60 1
89 41 2
82 36 1
42 45 2
47 18 1
10 69 2
77 64 1
49 72 2
61 31 1
67 42 2
79 47 1
69 81 2
85 2 1
39 61 2
81 87 1
60 96 2
1 17 1
45 21 2
18 14 1
89 43 2
36 10 1
12 51 2
88 44 1
91 98 2
49 88 1
92 29 2
14 31 1
49 62 2
9 24 1
36 20 2
79 18 1
91 62 2
77 94 1
26 44 2
39 35 1
83 36 2
82 5 1
83 50 2
27 51 1
90 79 2
69 28 1
81 96 2
81 75 1
9 90 2
82 7 1
48 11 2
37 64 1
74 86 2
16 9 1
82 20 2
54 83 1
81 97 2
70 85 1
36 30 2
48 94 1
91 60 2
38 23 1
65 65 2
42 12 1
71 57 2
50 3 1
7 83 2
64 18 1
33 48 2
18 36 1
44 25 2
95 65 1
94 2 2
50 24 1
90 2 2
49 35 1
2 46 2
50 78 1
74 32 2
44 2 1
75 5 2
62 80 1
19 64 2
51 34 1
78 62 2
87 81 1
18 9 2
26 0 1
95 97 2
50 93 1
20 19 2
64 88 1
65 1 2
91 28 1
91 48 2
70 94 1
89 18 2
17 67 1
63 70 2
61 88 1
10 23 2
3 55 1
44 52 2
56 24 1
85 93 2
50 76 1
87 45 2
75 55 1
31 3 2
86 77 1
75 76 2
63 6 1
83 82 2
26 19 1
80 85 2
31 96 1
11 87 2
22 2 1
33 39 2
27 95 1
81 22 2
69 44 1
90 84 2
24 89 1
59 35 2
8 33 1
57 85 2
45 64 1
50 0 2
12 24 1
34 80 2
0 41 1
73 54 2
4 2 1
2 34 2
28 35 1
3 31 2
63 34 1
65 0 2
19 28 1
3 57 2
38 28 1
37 14 2
20 52 1
31 73 2
26 47 1
51 39 2
18 96 1
11 36 2
33 55 1
84 77 2
8 11 1
91 59 2
61 28 1
92 94 2
18 84 1
53 65 2
22 82 1
43 95 2
49 38 1
38 59 2
38 88 1
90 7 2
66 5 1
24 37 2
48 9 1
54 11 2
50 46 1
18 41 2
22 41 1
94 39 2
79 76 1
33 4 2
91 2 1
13 2 2
10 7 1
82 44 2
22 37 1
67 77 2
46 43 1
84 90 2
33 83 1
0 75 2
46 69 1
96 20 2
75 47 1
24 13 2
30 4 1
59 45 2
28 87 1
4 97 2
81 82 1
48 66 2
48 91 1
72 27 2
52 2 1
72 34 2
97 18 1
17 97 2
53 85 1
59 46 2
33 42 1
92 75 2
93 36 1
98 4 2
54 81 1
48 75 2
81 3 1
28 1 2
85 37 1
88 26 2
72 90 1
35 39 2
10 91 1
42 86 2
84 95 1
60 74 2
4 92 1
7 75 2
51 6 1
15 67 2
98 58 1
1 51 2
1 96 1
87 14 2
71 34 1
16 1 2
45 87 1
49 81 2
57 96 1
77 25 2
81 35 1
96 6 2
27 39 1
10 48 2
96 13 1
77 39 2
48 41 1
4 24 2
60 84 1
83 44 2
49 13 1
98 73 2
18 40 1
7 32 2
19 50 1
60 51 2
58 13 1
41 31 2
58 78 1
14 89 2
77 59 1
90 17 2
6 89 1
43 54 2
58 57 1
9 4 2
39 76 1
4 25 2
16 10 1
30 57 2
15 29 1
49 85 2
40 82 1
14 92 2
32 88 1
31 67 2
12 79 1
41 75 2
93 68 1
29 39 2
73 52 1
35 49 2
77 35 1
84 29 2
95 18 1
76 11 2
60 68 1
93 83 2
17 6 1
98 87 2
20 14 1
57 32 2
0 22 1
73 67 2
61 80 1
47 5 2
40 52 1
0 9 2
50 67 1
52 61 2
34 37 1
33 21 2
35 34 1
94 41 2
44 60 1
18 73 2
40 72 1
88 47 2
47 16 1
46 80 2
48 39 1
58 33 2
34 49 1
37 85 2
12 46 1
65 42 2
45 7 1
15 40 2
21 30 1
79 10 2
52 33 1
92 53 2
26 14 1
16 96 2
52 92 1
23 27 2
56 0 1
17 89 2
75 24 1
60 49 2
80 97 1
7 85 2
93 66 1
0 3 2
83 54 1
62 95 2
20 69 1
3 19 2
60 31 1
72 6 2
8 46 1
95 74 2
36 87 1
75 80 2
92 89 1
8 63 2
38 45 1
44 59 2
6 21 1
7 73 2
16 68 1
81 40 2
80 61 1
86 35 2
91 68 1
43 58 2
86 75 1
70 83 2
2 85 1
25 10 2
15 15 1
15 64 2
37 50 1
98 0 2
76 92 1
42 9 2
21 58 1
64 0 2
95 73 1
94 73 2
32 22 1
22 85 2
5 67 1
53 89 2
84 24 1
39 22 2
27 65 1
98 44 2
88 24 1
82 67 2
48 90 1
54 87 2
88 81 1
1 33 2
12 57 1
50 26 2
39 83 1
49 48 2
95 80 1
58 18 2
25 11 1
4 1 2
20 48 1
35 37 2
10 72 1
7 23 2
75 98 1
31 59 2
7 6 1
13 1 2
32 49 1
56 73 2
78 81 1
3 43 2
5 83 1
71 44 2
30 25 1
3 96 2
42 87 1
80 38 2
7 89 1
19 67 2
94 46 1
35 35 2
3 3 1
10 14 2
53 52 1
39 30 2
20 74 1
68 52 2
3 52 1
83 32 2
84 89 1
48 17 2
43 26 1
77 14 2
56 84 1
45 66 2
95 91 1
75 28 2
77 83 1
86 91 2
11 2 1
62 85 2
51 42 1
59 82 2
79 40 1
84 31 2
50 73 1
46 92 2
22 71 1
9 58 2
46 30 1
29 81 2
81 52 1
88 17 2
67 64 1
24 27 2
85 79 1
60 92 2
10 71 1
36 19 2
93 0 1
66 98 2
87 25 1
18 62 2
50 87 1
31 1 2
79 87 1
27 21 2
44 35 1
58 62 2
95 56 1
85 48 2
83 37 1
15 85 2
19 70 1
56 71 2
11 96 1
34 40 2
3 81 1
79 16 2
16 59 1
11 59 2
90 49 1
50 19 2
68 24 1
50 63 2
32 19 1
30 59 2
76 85 1
87 6 2
80 52 1
81 32 2
50 33 1
63 78 2
6 74 1
49 30 2
74 62 1
22 44 2
32 6 1
95 7 2
18 13 1
43 40 2
27 97 1
92 79 2
48 59 1
6 80 2
46 77 1
46 22 2
68 18 1
96 19 2
73 93 1
41 71 2
52 82 1
75 20 2
59 65 1
34 58 2
74 39 1
44 36 2
81 47 1
19 42 2
57 89 1
18 20 2
69 5 1
9 14 2
57 16 1
96 3 2
40 21 1
32 87 2
16 22 1
69 6 2
10 89 1
69 57 2
87 7 1
18 46 2
87 44 1
89 11 2
92 3 1
39 18 2
91 69 1
35 97 2
61 67 1
95 51 2
96 51 1
15 58 2
92 17 1
96 46 2
40 14 1
65 26 2
43 56 1
72 39 2
10 83 1
19 61 2
39 85 1
58 25 2
23 39 1
13 45 2
19 15 1
51 73 2
58 22 1
71 38 2
79 73 1
86 98 2
72 72 1
98 50 2
95 62 1
72 29 2
75 13 1
63 58 2
13 4 1
87 2 2
6 23 1
87 15 2
93 74 1
21 88 2
94 25 1
36 8 2
88 56 1
34 16 2
27 50 1
45 18 2
36 35 1
97 38 2
59 64 1
71 70 2
51 55 1
33 14 2
28 69 1
52 78 2
51 98 1
70 27 2
41 14 1
52 20 2
82 9 1
75 86 2
53 31 1
0 12 2
50 48 1
17 72 2
25 7 1
64 36 2
83 76 1
80 8 2
57 17 1
4 35 2
56 65 1
82 71 2
75 25 1
17 68 2
78 64 1
0 0 2
58 72 1
47 6 2
38 30 1
40 6 2
5 91 1
12 98 2
71 62 1
81 78 2
37 53 1
80 37 2
64 63 1
3 29 2
36 43 1
15 78 2
17 44 1
22 54 2
81 79 1
71 15 2
87 93 1
52 18 2
41 18 1
55 39 2
65 14 1
28 37 2
1 39 1
48 80 2
63 0 1
9 53 2
60 80 1
47 67 2
14 51 1
96 76 2
40 44 1
63 47 2
85 9 1
71 79 2
24 90 1
66 45 2
24 16 1
5 0 2
47 84 1
15 89 2
31 72 1
65 59 2
85 59 1
81 24 2
57 70 1
83 24 2
70 52 1
51 4 2
56 86 1
95 64 2
15 82 1
88 13 2
95 27 1
50 5 2
4 7 1
11 84 2
9 47 1
57 63 2
4 77 1
4 84 2
47 70 1
42 34 2
97 8 1
42 10 2
28 98 1
45 85 2
51 23 1
90 5 2
71 78 1
8 58 2
31 53 1
82 70 2
27 41 1
76 86 2
32 2 1
17 39 2
48 37 1
61 18 2
9 77 1
63 16 2
51 60 1
72 84 2
42 95 1
4 22 2
92 84 1
97 93 2
38 68 1
83 45 2
90 65 1
86 58 2
15 44 1
2 56 2
55 92 1
73 14 2
75 88 1
7 78 2
19 20 1
74 67 2
89 13 1
27 37 2
85 58 1
78 14 2
80 89 1
83 47 2
34 18 1
40 47 2
8 47 1
35 92 2
59 55 1
28 70 2
39 57 1
7 87 2
20 23 1
25 14 2
79 84 1
93 78 2
34 81 1
98 2 2
13 32 1
33 23 2
72 16 1
78 8 2
29 20 1
90 0 2
50 84 1
53 26 2
8 29 1
44 77 2
63 40 1
94 95 2
75 85 1
97 37 2
34 35 1
58 56 2
69 2 1
95 2 2
46 12 1
71 40 2
0 79 1
84 6 2
12 23 1
76 12 2
56 67 1
51 53 2
68 22 1
32 89 2
72 61 1
15 59 2
7 29 1
6 60 2
25 96 1
77 10 2
94 78 1
91 5 2
75 97 1
75 30 2
69 71 1
79 51 2
19 38 1
92 0 2
41 43 1
10 42 2
52 83 1
82 35 2
60 11 1
59 94 2
63 51 1
28 82 2
62 93 1
86 13 2
58 81 1
91 1 2
2 15 1
89 0 2
37 23 1
28 57 2
92 62 1
26 75 2
89 66 1
44 18 2
60 5 1
0 74 2
4 65 1
42 69 2
87 49 1
6 79 2
11 19 1
3 76 2
40 96 1
42 18 2
24 95 1
49 84 2
4 64 1
13 80 2
98 49 1
2 76 2
23 29 1
73 48 2
77 53 1
74 38 2
22 60 1
93 91 2
8 75 1
17 38 2
46 79 1
51 0 2
5 28 1
0 5 2
45 43 1
79 4 2
64 8 1
71 32 2
11 90 1
83 79 2
1 41 1
1 43 2
55 67 1
47 78 2
62 74 1
90 24 2
13 22 1
89 79 2
98 12 1
27 14 2
18 74 1
37 26 2
55 88 1
87 43 2
75 68 1
19 62 2
79 89 1
59 39 2
38 14 1
7 63 2
15 68 1
4 54 2
26 63 1
16 48 2
63 90 1
98 61 2
51 61 1
7 18 2
52 32 1
77 7 2
69 48 1
74 64 2
11 89 1
40 36 2
70 8 1
39 64 2
77 36 1
79 90 2
37 83 1
38 17 2
4 11 1
66 34 2
68 92 1
92 27 2
19 77 1
62 32 2
55 56 1
91 74 2
41 91 1
47 25 2
49 14 1
52 75 2
47 17 1
89 48 2
7 56 1
21 11 2
6 31 1
61 16 2
16 90 1
52 23 2
24 74 1
66 65 2
78 45 1
41 15 2
27 46 1
67 18 2
89 98 1
6 90 2
35 64 1
6 62 2
98 52 1
71 41 2
78 18 1
13 23 2
51 41 1
16 79 2
55 29 1
35 20 2
15 14 1
18 42 2
26 17 1
51 49 2
29 19 1
38 32 2
18 12 1
69 95 2
83 69 1
74 74 2
58 80 1
58 26 2
32 48 1
72 3 2
41 57 1
1 6 2
6 45 1
27 0 2
2 87 1
9 13 2
18 93 1
31 7 2
27 40 1
82 75 2
11 60 1
18 11 2
63 67 1
33 91 2
59 89 1
82 74 2
84 44 1
14 52 2
32 45 1
34 79 2
14 77 1
43 35 2
55 73 1
80 88 2
12 80 1
17 87 2
9 16 1
97 97 2
33 96 1
34 87 2
47 59 1
19 72 2
32 71 1
68 43 2
89 71 1
64 43 2
86 55 1
58 38 2
88 6 1
7 42 2
14 90 1
0 56 2
22 67 1
25 21 2
55 24 1
97 1 2
97 10 1
18 15 2
21 68 1
4 61 2
78 94 1
84 21 2
75 31 1
94 34 2
18 59 1
44 73 2
75 49 1
17 15 2
25 16 1
21 45 2
83 7 1
34 46 2
59 90 1
56 50 2
31 12 1
72 23 2
57 47 1
94 48 2
86 16 1
70 66 2
39 29 1
46 96 2
62 12 1
59 62 2
48 13 1
89 55 2
95 55 1
90 78 2
79 75 1
53 58 2
7 21 1
29 36 2
24 75 1
80 79 2
45 48 1
69 86 2
42 75 1
30 42 2
45 38 1
40 66 2
74 83 1
72 60 2
25 57 1
77 84 2
23 56 1
49 76 2
27 44 1
2 88 2
21 85 1
61 35 2
56 60 1
27 13 2
40 98 1
46 17 2
8 51 1
57 36 2
81 76 1
73 73 2
68 15 1
6 50 2
90 41 1
9 8 2
88 52 1
22 3 2
95 26 1
8 24 2
21 18 1
42 17 2
12 6 1
58 97 2
72 25 1
5 68 2
31 44 1
16 44 2
39 24 1
96 68 2
96 63 1
39 67 2
14 14 1
7 97 2
28 49 1
93 57 2
61 39 1
28 96 2
85 16 1
90 53 2
13 78 1
18 65 2
11 39 1
3 92 2
84 62 1
3 10 2
48 85 1
37 93 2
90 90 1
86 26 2
93 42 1
4 94 2
60 57 1
89 72 2
27 55 1
44 84 2
97 53 1
64 17 2
94 6 1
72 36 2
39 82 1
69 91 2
7 50 1
74 88 2
21 89 1
66 3 2
53 91 1
39 70 2
74 91 1
62 10 2
85 27 1
34 2 2
42 39 1
93 51 2
5 9 1
50 41 2
0 15 1
69 72 2
41 94 1
88 58 2
91 15 1
38 52 2
50 68 1
50 90 2
87 91 1
82 24 2
27 70 1
91 72 2
92 76 1
59 1 2
39 81 1
70 67 2
12 25 1
8 43 2
11 1 1
37 63 2
77 93 1
91 13 2
73 12 1
98 45 2
73 17 1
33 82 2
7 39 1
44 23 2
26 30 1
92 60 2
20 10 1
74 5 2
87 26 1
21 5 2
3 12 1
69 38 2
75 63 1
93 19 2
5 1 1
65 92 2
48 49 1
49 33 2
89 93 1
87 3 2
69 97 1
36 66 2
40 24 1
78 53 2
21 96 1
18 53 2
74 98 1
47 9 2
50 16 1
78 42 2
51 40 1
52 89 2
75 34 1
67 14 2
57 74 1
70 63 2
77 78 1
85 30 2
3 90 1
12 62 2
66 43 1
91 42 2
80 18 1
2 25 2
38 94 1
37 16 2
35 66 1
14 71 2
83 14 1
18 23 2
41 40 1
49 47 2
21 75 1
66 20 2
88 18 1
80 72 2
67 43 1
20 7 2
15 90 1
84 70 2
98 42 1
51 8 2
78 82 1
3 9 2
54 61 1
15 95 2
11 51 1
9 45 2
59 4 1
51 9 2
15 74 1
52 11 2
48 23 1
15 27 2
18 28 1
95 43 2
90 36 1
41 24 2
28 40 1
69 15 2
27 22 1
35 74 2
58 58 1
27 36 2
95 57 1
33 54 2
32 62 1
27 10 2
27 30 1
55 64 2
52 35 1
9 7 2
98 23 1
13 18 2
16 65 1
48 72 2
65 27 1
3 33 2
4 48 1
67 6 2
15 88 1
30 98 2
15 97 1
7 16 2
33 53 1
11 9 2
83 11 1
17 75 2
42 38 1
14 86 2
55 87 1
59 97 2
98 68 1
81 23 2
20 50 1
23 45 2
96 4 1
21 35 2
19 93 1
35 73 2
9 95 1
54 4 2
14 82 1
73 83 2
64 79 1
73 91 2
41 0 1
44 78 2
16 26 1
70 20 2
89 35 1
23 94 2
2 8 1
19 39 2
83 10 1
37 43 2
93 47 1
19 51 2
35 94 1
47 10 2
23 62 1
72 15 2
12 84 1
32 76 2
28 38 1
28 7 2
10 12 1
35 71 2
64 29 1
48 43 2
95 71 1
32 81 2
75 50 1
60 30 2
44 50 1
68 28 2
42 72 1
22 83 2
43 14 1
50 8 2
91 82 1
6 68 2
72 69 1
47 40 2
23 3 1
63 18 2
61 8 1
82 98 2
20 70 1
35 18 2
88 57 1
93 14 2
11 3 1
51 80 2
58 69 1
28 68 2
21 13 1
94 13 2
54 62 1
7 37 2
13 3 1
84 25 2
21 94 1
38 48 2
15 9 1
98 82 2
14 7 1
95 45 2
82 66 1
97 33 2
76 71 1
32 4 2
96 65 1
66 25 2
0 87 1
88 21 2
92 55 1
0 21 2
71 4 1
16 21 2
46 58 1
19 0 2
35 62 1
6 53 2
96 5 1
27 49 2
12 88 1
79 49 2
93 1 1
44 70 2
94 77 1
36 97 2
43 41 1
2 0 2
26 12 1
9 20 2
43 36 1
3 21 2
93 28 1
52 95 2
8 49 1
8 93 2
15 55 1
60 56 2
18 1 1
64 83 2
96 73 1
22 53 2
19 27 1
7 60 2
11 45 1
97 62 2
39 58 1
25 19 2
74 87 1
21 41 2
98 72 1
84 53 2
81 58 1
13 27 2
93 60 1
44 74 2
53 21 1
82 33 2
70 90 1
18 97 2
43 37 1
81 53 2
58 86 1
78 58 2
61 96 1
27 24 2
70 13 1
25 29 2
50 10 1
71 83 2
10 20 1
54 49 2
27 18 1
4 6 2
96 42 1
67 58 2
35 5 1
60 65 2
84 36 1
24 48 2
86 84 1
68 7 2
5 84 1
98 20 2
2 67 1
9 32 2
54 97 1
77 48 2
21 1 1
62 43 2
80 27 1
98 65 2
13 68 1
60 52 2
8 89 1
40 17 2
5 93 1
8 73 2
42 85 1
31 30 2
45 65 1
85 78 2
55 54 1
67 40 2
23 0 1
29 60 2
5 43 1
82 4 2
96 64 1
27 16 2
97 32 1
8 5 2
57 81 1
28 15 2
21 42 1
54 5 2
61 83 1
37 46 2
28 33 1
70 45 2
78 47 1
38 38 2
15 18 1
28 0 2
8 1 1
4 33 2
48 53 1
18 98 2
43 17 1
0 7 2
73 40 1
88 94 2
85 11 1
60 64 2
28 32 1
53 44 2
30 51 1
70 48 2
20 80 1
41 97 2
32 38 1
82 86 2
89 6 1
1 2 2
97 22 1
92 46 2
73 19 1
53 45 2
57 69 1
58 55 2
84 16 1
73 76 2
28 3 1
65 78 2
59 73 1
43 76 2
45 46 1
49 98 2
12 4 1
73 62 2
10 93 1
90 62 2
68 38 1
27 98 2
46 28 1
29 71 2
96 91 1
96 30 2
1 45 1
22 94 2
43 57 1
30 95 2
38 64 1
23 16 2
11 85 1
51 96 2
95 19 1
89 8 2
76 7 1
57 9 2
91 46 1
19 43 2
29 6 1
47 97 2
61 50 1
44 51 2
94 50 1
5 25 2
75 59 1
83 35 2
37 22 1
53 63 2
65 35 1
69 34 2
52 31 1
47 76 2
60 33 1
53 75 2
22 25 1
83 97 2
76 53 1
46 98 2
30 41 1
74 15 2
46 46 1
74 48 2
26 37 1
57 77 2
23 83 1
89 69 2
0 26 1
71 26 2
40 26 1
49 52 2
86 83 1
77 56 2
97 35 1
0 17 2
11 12 1
53 5 2
87 97 1
98 95 2
52 49 1
31 25 2
83 5 1
58 83 2
10 8 1
19 65 2
70 19 1
39 52 2
95 16 1
92 34 2
48 22 1
87 58 2
53 37 1
48 24 2
11 41 1
14 88 2
9 83 1
19 90 2
85 68 1
49 71 2
3 77 1
5 12 2
39 39 1
45 83 2
65 12 1
95 89 2
64 96 1
31 84 2
5 14 1
66 19 2
92 49 1
36 98 2
38 33 1
4 3 2
11 10 1
89 88 2
64 19 1
5 24 2
31 42 1
66 72 2
52 68 1
97 41 2
68 39 1
76 33 2
77 3 1
41 1 2
41 44 1
25 34 2
67 8 1
59 76 2
36 49 1
32 82 2
16 15 1
52 96 2
21 61 1
4 44 2
30 44 1
33 77 2
97 96 1
60 23 2
23 85 1
59 36 2
13 69 1
62 27 2
96 25 1
36 41 2
80 21 1
59 84 2
52 62 1
68 97 2
96 26 1
93 38 2
81 11 1
95 85 2
13 43 1
26 66 2
55 10 1
53 36 2
49 43 1
62 4 2
65 82 1
68 33 2
78 25 1
94 27 2
46 31 1
19 59 2
10 22 1
37 4 2
42 89 1
23 92 2
1 83 1
44 30 2
64 40 1
0 66 2
30 28 1
50 34 2
31 0 1
45 28 2
7 93 1
28 14 2
50 54 1
69 60 2
25 92 1
14 93 2
75 29 1
55 79 2
79 0 1
52 30 2
71 9 1
96 53 2
22 80 1
62 41 2
73 23 1
71 8 2
88 85 1
9 62 2
91 17 1
29 58 2
88 84 1
8 53 2
65 2 1
25 38 2
19 49 1
27 78 2
50 56 1
56 23 2
42 26 1
18 45 2
24 86 1
46 14 2
32 12 1
57 65 2
90 43 1
97 95 2
48 84 1
1 52 2
18 19 1
19 82 2
73 5 1
63 57 2
17 19 1
91 35 2
96 52 1
54 67 2
9 2 1
29 4 2
12 55 1
22 22 2
24 63 1
93 15 2
79 3 1
46 11 2
12 29 1
53 87 2
1 57 1
54 3 2
84 86 1
81 83 2
44 92 1
9 25 2
67 12 1
27 53 2
77 13 1
73 82 2
45 34 1
19 6 2
32 18 1
45 73 2
15 62 1
91 64 2
9 35 1
87 53 2
50 58 1
21 65 2
85 13 1
82 27 2
61 45 1
64 53 2
36 25 1
51 89 2
60 67 1
81 9 2
38 54 1
61 82 2
17 51 1
87 57 2
44 97 1
87 84 2
97 4 1
11 81 2
43 87 1
7 88 2
1 53 1
49 29 2
16 32 1
59 57 2
2 79 1
31 38 2
4 57 1
87 94 2
82 2 1
65 30 2
80 69 1
62 0 2
45 58 1
75 9 2
19 41 1
2 6 2
4 69 1
91 11 2
31 69 1
3 47 2
48 54 1
51 97 2
39 88 1
91 83 2
87 73 1
37 13 2
16 94 1
94 84 2
76 2 1
14 2 2
47 4 1
24 17 2
70 9 1
36 60 2
33 37 1
20 13 2
5 18 1
61 55 2
20 15 1
38 37 2
3 2 1
45 6 2
85 3 1
87 40 2
47 83 1
83 68 2
5 69 1
35 55 2
84 78 1
63 98 2
79 14 1
11 97 2
46 5 1
87 34 2
22 24 1
86 59 2
80 3 1
13 33 2
29 70 1
37 77 2
90 61 1
94 70 2
35 4 1
52 0 2
98 13 1
69 26 2
63 77 1
64 9 2
93 82 1
97 48 2
15 54 1
35 56 2
64 85 1
62 39 2
96 70 1
27 74 2
66 17 1
21 86 2
8 20 1
91 29 2
35 21 1
63 83 2
55 2 1
98 51 2
13 47 1
40 10 2
25 23 1
47 62 2
83 26 1
86 14 2
53 25 1
11 93 2
72 41 1
17 16 2
97 44 1
39 51 2
76 49 1
4 88 2
51 38 1
46 57 2
36 14 1
69 9 2
38 2 1
57 30 2
0 13 1
71 51 2
1 91 1
41 39 2
2 26 1
64 49 2
23 4 1
56 85 2
44 7 1
65 9 2
85 55 1
61 37 2
79 17 1
14 24 2
14 85 1
83 46 2
98 38 1
98 17 2
59 68 1
26 22 2
0 50 1
16 41 2
10 81 1
71 5 2
87 21 1
68 45 2
83 12 1
41 45 2
97 14 1
73 32 2
36 89 1
43 42 2
52 58 1
5 72 2
67 21 1
45 35 2
72 17 1
90 60 2
57 25 1
14 9 2
92 6 1
49 41 2
7 17 1
80 16 2
72 92 1
89 75 2
17 92 1
8 57 2
23 76 1
58 19 2
40 20 1
24 54 2
49 55 1
22 81 2
82 13 1
57 43 2
79 50 1
28 30 2
83 41 1
93 29 2
25 5 1
76 84 2
24 24 1
78 98 2
29 3 1
76 3 2
34 59 1
55 0 2
40 58 1
58 46 2
89 80 1
31 74 2
69 10 1
52 64 2
24 51 1
42 67 2
64 26 1
86 86 2
72 78 1
23 10 2
97 2 1
97 16 2
37 86 1
28 84 2
85 88 1
6 32 2
81 42 1
58 20 2
60 89 1
15 50 2
38 51 1
46 73 2
62 81 1
60 47 2
68 20 1
68 88 2
17 11 1
20 95 2
84 22 1
80 4 2
56 78 1
70 69 2
65 41 1
59 51 2
11 37 1
92 37 2
26 42 1
19 92 2
84 30 1
23 15 2
97 57 1
56 92 2
65 31 1
41 89 2
20 83 1
81 80 2
46 60 1
39 92 2
98 57 1
95 0 2
58 42 1
45 47 2
52 50 1
52 88 2
59 56 1
15 57 2
2 68 1
49 66 2
5 70 1
57 48 2
64 62 1
6 6 2
80 68 1
81 38 2
25 18 1
93 85 2
49 53 1
91 54 2
39 12 1
79 66 2
14 59 1
8 85 2
76 80 1
88 22 2
56 62 1
55 17 2
74 14 1
32 44 2
77 8 1
76 40 2
85 76 1
82 6 2
77 9 1
71 14 2
94 76 1
61 20 2
85 50 1
62 72 2
8 0 1
14 67 2
4 67 1
70 6 2
76 74 1
94 29 2
68 41 1
78 70 2
57 10 1
44 3 2
43 89 1
26 43 2
44 33 1
63 36 2
64 60 1
1 49 2
72 46 1
23 26 2
16 20 1
76 67 2
25 73 1
85 10 2
2 27 1
50 86 2
62 68 1
61 85 2
81 8 1
44 94 2
35 53 1
67 17 2
95 49 1
86 25 2
95 32 1
5 88 2
48 51 1
54 35 2
21 67 1
69 39 2
86 50 1
82 84 2
35 81 1
84 35 2
33 0 1
31 21 2
42 35 1
94 1 2
1 13 1
90 15 2
62 63 1
38 29 2
0 36 1
12 81 2
92 33 1
64 75 2
8 66 1
73 50 2
22 43 1
34 48 2
52 85 1
52 34 2
80 66 1
54 17 2
53 76 1
25 1 2
60 32 1
29 23 2
78 3 1
30 66 2
13 66 1
26 31 2
75 56 1
92 13 2
74 37 1
53 96 2
90 57 1
6 92 2
39 53 1
82 34 2
62 94 1
37 51 2
26 70 1
89 52 2
49 87 1
72 13 2
26 33 1
26 53 2
9 18 1
1 0 2
64 7 1
89 7 2
79 68 1
23 98 2
71 61 1
30 55 2
79 62 1
61 70 2
75 22 1
46 81 2
50 14 1
75 15 2
14 46 1
0 60 2
83 74 1
38 25 2
84 68 1
56 87 2
72 71 1
75 60 2
9 15 1
4 95 2
1 54 1
65 52 2
71 35 1
86 22 2
80 93 1
98 25 2
66 71 1
40 94 2
18 82 1
30 68 2
89 81 1
76 96 2
33 56 1
46 94 2
6 67 1
31 58 2
44 95 1
57 82 2
13 10 1
78 37 2
97 15 1
67 66 2
60 94 1
46 7 2
5 32 1
8 70 2
14 94 1
56 79 2
11 14 1
31 98 2
19 71 1
87 20 2
84 4 1
61 86 2
97 52 1
91 81 2
95 10 1
8 48 2
89 15 1
6 41 2
5 74 1
47 90 2
74 29 1
52 63 2
32 98 1
28 60 2
45 2 1
19 81 2
95 77 1
71 63 2
35 6 1
65 21 2
53 67 1
58 76 2
82 22 1
44 16 2
4 87 1
46 20 2
36 93 1
32 25 2
55 34 1
18 34 2
21 33 1
88 16 2
15 77 1
17 33 2
36 70 1
94 7 2
77 37 1
69 90 2
14 78 1
72 51 2
61 59 1
81 67 2
76 43 1
77 51 2
89 51 1
43 59 2
38 47 1
37 92 2
43 8 1
3 63 2
67 94 1
84 1 2
45 11 1
66 33 2
66 74 1
76 97 2
86 44 1
12 44 2
70 40 1
65 96 2
41 36 1
4 75 2
28 93 1
86 81 2
53 17 1
24 60 2
81 91 1
68 8 2
53 3 1
97 58 2
34 27 1
3 67 2
40 23 1
37 32 2
24 41 1
87 23 2
29 90 1
59 86 2
1 38 1
27 64 2
18 32 1
0 88 2
89 44 1
29 82 2
78 69 1
11 23 2
43 10 1
97 83 2
51 83 1
92 95 2
66 64 1
85 52 2
41 3 1
37 7 2
25 43 1
8 98 2
88 45 1
90 4 2
38 61 1
55 95 2
36 64 1
0 11 2
93 92 1
59 38 2
45 24 1
37 2 2
62 91 1
0 27 2
84 56 1
98 88 2
58 3 1
71 95 2
53 74 1
95 83 2
48 74 1
73 46 2
21 55 1
47 68 2
90 9 1
42 84 2
50 2 1
36 53 2
45 40 1
38 82 2
6 84 1
3 39 2
12 47 1
82 62 2
37 35 1
95 37 2
89 26 1
90 29 2
37 88 1
70 35 2
69 27 1
0 65 2
70 22 1
0 93 2
30 85 1
42 6 2
55 3 1
13 62 2
29 72 1
90 72 2
48 48 1
70 11 2
21 60 1
85 18 2
10 0 1
62 35 2
94 97 1
97 64 2
60 22 1
24 1 2
90 89 1
55 5 2
31 85 1
73 61 2
43 20 1
53 0 2
94 0 1
56 18 2
42 1 1
61 27 2
77 32 1
53 33 2
22 26 1
39 3 2
69 37 1
32 96 2
86 48 1
42 19 2
65 50 1
59 58 2
35 82 1
17 4 2
40 76 1
86 47 2
16 29 1
19 25 2
5 19 1
18 66 2
15 16 1
47 74 2
14 4 1
29 95 2
80 2 1
20 24 2
38 75 1
6 16 2
29 52 1
73 72 2
59 12 1
92 88 2
27 67 1
71 13 2
87 76 1
52 91 2
15 92 1
8 74 2
90 30 1
16 45 2
6 8 1
78 72 2
47 48 1
57 15 2
51 87 1
60 91 2
89 70 1
35 26 2
75 3 1
11 35 2
15 43 1
9 73 2
72 32 1
22 31 2
5 5 1
94 28 2
52 25 1
12 38 2
14 40 1
41 72 2
36 90 1
6 54 2
63 4 1
88 33 2
68 86 1
44 79 2
90 23 1
68 71 2
54 79 1
22 40 2
59 43 1
29 35 2
38 44 1
22 16 2
23 96 1
36 36 2
8 28 1
29 16 2
66 60 1
70 97 2
22 93 1
2 60 2
64 56 1
72 94 2
80 11 1
8 61 2
32 68 1
67 75 2
14 13 1
55 83 2
32 32 1
13 55 2
26 41 1
23 43 2
79 57 1
28 55 2
90 45 1
4 56 2
30 29 1
44 56 2
59 5 1
35 60 2
46 0 1
80 20 2
85 47 1
18 26 2
92 91 1
59 69 2
13 31 1
57 90 2
96 85 1
31 68 2
91 75 1
32 10 2
95 28 1
84 33 2
48 71 1
37 44 2
95 75 1
94 83 2
74 25 1
63 62 2
55 46 1
91 95 2
67 11 1
42 83 2
76 17 1
86 74 2
2 36 1
47 61 2
60 79 1
30 8 2
11 42 1
77 5 2
55 71 1
44 67 2
18 88 1
33 45 2
10 86 1
98 1 2
33 2 1
86 52 2
56 55 1
81 20 2
74 79 1
85 74 2
39 84 1
68 6 2
45 75 1
77 50 2
20 82 1
26 36 2
2 75 1
74 0 2
33 20 1
95 12 2
39 78 1
29 84 2
54 12 1
12 87 2
72 42 1
62 98 2
73 27 1
61 84 2
86 8 1
73 45 2
48 4 1
42 3 2
94 19 1
35 3 2
5 66 1
66 83 2
76 42 1
3 71 2
60 9 1
93 24 2
84 60 1
55 23 2
50 22 1
56 64 2
20 67 1
78 83 2
4 79 1
32 23 2
17 98 1
12 53 2
21 52 1
87 77 2
24 29 1
17 17 2
27 8 1
15 20 2
53 80 1
40 13 2
64 27 1
33 87 2
88 55 1
35 90 2
33 7 1
88 9 2
15 71 1
45 90 2
27 26 1
36 28 2
82 12 1
35 22 2
62 61 1
95 48 2
75 39 1
20 2 2
79 28 1
75 67 2
39 5 1
32 79 2
49 20 1
26 77 2
18 87 1
45 72 2
63 59 1
2 63 2
86 1 1
10 29 2
91 67 1
34 75 2
65 87 1
29 66 2
22 59 1
54 72 2
74 49 1
58 36 2
10 70 1
10 74 2
30 34 1
97 94 2
39 37 1
5 50 2
7 27 1
25 62 2
85 8 1
10 4 2
82 14 1
23 77 2
9 12 1
13 73 2
79 88 1
34 76 2
43 11 1
20 39 2
68 48 1
85 70 2
56 34 1
87 64 2
44 82 1
28 45 2
13 14 1
14 63 2
20 54 1
72 66 2
25 94 1
59 0 2
38 27 1
27 60 2
35 15 1
51 1 2
90 83 1
24 32 2
72 28 1
20 78 2
48 50 1
89 87 2
94 11 1
72 9 2
23 52 1
34 14 2
79 9 1
77 4 2
12 41 1
64 57 2
71 2 1
33 11 2
94 21 1
79 11 2
28 8 1
13 40 2
27 19 1
93 21 2
35 25 1
62 14 2
22 87 1
32 42 2
72 73 1
42 62 2
76 37 1
41 60 2
0 64 1
26 52 2
83 95 1
48 62 2
69 40 1
91 45 2
60 38 1
13 35 2
39 48 1
69 64 2
8 41 1
98 93 2
78 87 1
61 12 2
15 31 1
47 30 2
65 63 1
80 81 2
69 21 1
73 9 2
43 5 1
18 43 2
1 1 1
34 50 2
10 87 1
71 85 2
68 35 1
14 43 2
34 29 1
66 24 2
61 53 1
53 24 2
10 18 1
14 15 2
33 88 1
40 7 2
67 33 1
17 54 2
60 55 1
15 35 2
67 71 1
52 72 2
36 62 1
8 12 2
2 11 1
31 92 2
38 93 1
11 83 2
73 71 1
48 55 2
10 11 1
39 87 2
39 8 1
98 96 2
4 13 1
74 92 2
97 36 1
35 67 2
25 31 1
97 78 2
90 12 1
62 8 2
23 35 1
72 30 2
63 8 1
44 11 2
74 66 1
41 21 2
41 22 1
10 25 2
33 46 1
56 75 2
31 60 1
20 32 2
48 1 1
81 74 2
23 1 1
43 45 2
90 27 1
29 73 2
13 93 1
47 45 2
36 1 1
4 51 2
77 61 1
92 32 2
34 21 1
13 25 2
86 46 1
71 68 2
20 96 1
27 9 2
48 28 1
23 93 2
6 5 1
29 21 2
53 47 1
9 36 2
40 63 1
14 18 2
53 97 1
5 46 2
59 40 1
3 94 2
54 77 1
86 76 2
78 57 1
51 95 2
31 33 1
90 51 2
69 29 1
58 7 2
53 23 1
30 31 2
49 68 1
12 20 2
24 71 1
55 21 2
74 34 1
31 15 2
74 72 1
70 31 2
17 21 1
20 90 2
0 62 1
61 91 2
68 75 1
33 47 2
73 43 1
62 21 2
79 94 1
47 1 2
7 26 1
14 12 2
19 11 1
10 33 2
3 37 1
23 17 2
36 29 1
26 26 2
86 45 1
70 32 2
57 31 1
78 5 2
54 25 1
61 78 2
55 63 1
51 44 2
97 85 1
72 54 2
67 89 1
16 55 2
83 49 1
95 68 2
82 83 1
90 33 2
1 14 1
6 29 2
53 6 1
79 34 2
84 47 1
38 56 2
78 34 1
22 10 2
29 13 1
50 27 2
41 64 1
31 37 2
72 4 1
62 65 2
42 37 1
84 69 2
21 56 1
90 25 2
7 67 1
37 1 2
45 13 1
0 98 2
30 82 1
89 56 2
21 46 1
22 19 2
52 79 1
98 74 2
75 82 1
20 94 2
15 69 1
53 48 2
56 61 1
14 79 2
29 92 1
95 1 2
89 64 1
11 61 2
31 55 1
7 54 2
0 81 1
95 23 2
4 40 1
51 76 2
28 86 1
44 20 2
61 14 1
49 79 2
28 54 1
64 65 2
42 48 1
93 17 2
71 82 1
98 19 2
53 40 1
26 29 2
48 60 1
62 89 2
73 78 1
82 51 2
40 37 1
31 76 2
26 8 1
33 43 2
39 71 1
78 92 2
43 69 1
38 60 2
6 58 1
91 21 2
31 34 1
66 0 2
89 30 1
54 60 2
25 83 1
0 69 2
27 57 1
34 24 2
62 34 1
42 29 2
67 13 1
56 59 2
78 33 1
47 98 2
22 11 1
61 38 2
35 2 1
87 54 2
29 93 1
67 20 2
65 95 1
6 77 2
78 91 1
5 61 2
5 20 1
19 52 2
88 59 1
67 45 2
90 67 1
83 77 2
79 30 1
48 47 2
15 66 1
5 92 2
18 27 1
61 43 2
52 21 1
21 90 2
2 48 1
1 16 2
35 91 1
36 37 2
71 7 1
58 1 2
16 64 1
92 47 2
24 84 1
6 69 2
63 21 1
88 3 2
6 82 1
84 51 2
90 14 1
1 46 2
18 51 1
47 46 2
46 48 1
88 77 2
90 77 1
53 2 2
15 96 1
19 44 2
27 3 1
17 22 2
25 77 1
4 90 2
8 13 1
37 67 2
35 70 1
98 15 2
11 58 1
31 91 2
65 11 1
98 85 2
96 12 1
54 69 2
17 46 1
49 65 2
93 31 1
84 73 2
2 97 1
25 35 2
77 73 1
9 91 2
22 57 1
6 47 2
59 59 1
75 6 2
88 38 1
86 70 2
48 81 1
49 39 2
11 86 1
95 46 2
37 47 1
18 55 2
53 18 1
30 80 2
44 49 1
80 80 2
79 20 1
0 6 2
7 1 1
50 82 2
50 62 1
16 63 2
83 59 1
36 92 2
72 8 1
80 75 2
75 38 1
46 19 2
9 60 1
20 79 2
51 45 1
6 14 2
57 4 1
20 12 2
12 85 1
78 16 2
21 69 1
54 91 2
4 32 1
44 21 2
67 15 1
39 94 2
58 32 1
6 83 2
81 44 1
50 77 2
45 55 1
40 91 2
33 36 1
37 38 2
66 12 1
58 10 2
94 88 1
61 32 2
19 84 1
34 20 2
81 46 1
82 90 2
29 61 1
47 38 2
42 53 1
77 68 2
49 46 1
37 97 2
54 52 1
84 91 2
51 10 1
45 42 2
66 51 1
9 40 2
35 80 1
4 10 2
78 80 1
9 31 2
18 35 1
39 95 2
10 39 1
14 87 2
63 45 1
4 16 2
78 51 1
69 19 2
55 66 1
84 79 2
7 71 1
46 15 2
55 7 1
76 31 2
82 8 1
66 80 2
8 91 1
82 28 2
92 5 1
18 25 2
62 20 1
65 7 2
63 46 1
19 83 2
63 33 1
67 86 2
47 82 1
44 66 2
97 13 1
23 50 2
44 98 1
68 78 2
26 24 1
73 68 2
76 23 1
52 13 2
84 72 1
96 44 2
90 96 1
89 50 2
29 8 1
75 36 2
26 81 1
16 56 2
44 96 1
69 77 2
13 65 1
52 90 2
76 61 1
13 48 2
98 35 1
46 36 2
65 17 1
18 38 2
18 58 1
65 47 2
3 17 1
24 83 2
55 76 1
61 3 2
44 43 1
3 73 2
59 66 1
6 39 2
49 19 1
1 50 2
94 64 1
56 43 2
44 34 1
69 98 2
79 69 1
53 61 2
90 46 1
17 7 2
33 81 1
87 65 2
46 3 1
16 8 2
33 9 1
93 46 2
6 91 1
91 50 2
39 45 1
76 18 2
5 78 1
97 77 2
77 58 1
62 45 2
90 66 1
55 69 2
18 0 1
73 36 2
48 83 1
25 90 2
6 64 1
0 35 2
20 92 1
29 79 2
89 45 1
41 8 2
74 8 1
1 8 2
49 86 1
67 93 2
85 97 1
88 40 2
67 23 1
59 14 2
85 95 1
28 25 2
56 48 1
29 9 2
70 60 1
84 2 2
83 3 1
10 2 2
25 33 1
64 5 2
36 34 1
93 25 2
54 93 1
66 7 2
85 4 1
98 27 2
25 71 1
42 41 2
77 95 1
32 72 2
50 79 1
26 18 2
84 38 1
65 49 2
89 57 1
1 42 2
36 11 1
95 50 2
48 98 1
77 40 2
4 31 1
30 93 2
5 7 1
77 43 2
54 32 1
25 97 2
14 96 1
50 7 2
13 51 1
96 22 2
12 91 1
45 50 2
69 63 1
88 0 2
19 68 1
22 68 2
36 86 1
53 11 2
1 84 1
57 40 2
18 4 1
30 2 2
67 47 1
12 50 2
80 50 1
15 22 2
69 51 1
87 62 2
51 31 1
48 96 2
33 74 1
4 85 2
78 7 1
57 87 2
82 63 1
27 72 2
69 74 1
0 95 2
93 54 1
16 69 2
73 10 1
43 78 2
38 40 1
42 54 2
20 71 1
32 91 2
26 69 1
52 36 2
27 89 1
79 38 2
98 63 1
75 21 2
70 1 1
67 46 2
96 24 1
39 96 2
90 87 1
89 31 2
41 96 1
68 55 2
66 66 1
51 15 2
37 25 1
15 41 2
9 17 1
18 79 2
19 19 1
10 80 2
34 33 1
7 36 2
70 28 1
73 4 2
59 63 1
31 89 2
6 43 1
33 30 2
62 24 1
55 26 2
20 86 1
0 39 2
65 51 1
96 88 2
76 44 1
11 48 2
44 53 1
5 8 2
80 24 1
31 95 2
64 86 1
2 14 2
65 37 1
5 6 2
50 40 1
12 89 2
93 6 1
62 92 2
79 33 1
78 77 2
79 54 1
80 0 2
22 58 1
69 30 2
17 47 1
69 55 2
45 8 1
33 61 2
6 0 1
26 85 2
46 40 1
19 37 2
69 24 1
1 37 2
57 2 1
18 39 2
9 96 1
96 40 2
7 11 1
13 74 2
49 50 1
92 96 2
28 59 1
19 74 2
20 27 1
66 93 2
81 92 1
3 50 2
17 26 1
32 5 2
31 9 1
68 56 2
69 67 1
51 71 2
13 13 1
97 24 2
80 65 1
73 47 2
81 41 1
14 19 2
46 56 1
36 0 2
15 56 1
29 41 2
11 67 1
66 62 2
33 59 1
64 25 2
95 82 1
15 91 2
21 34 1
25 98 2
14 16 1
88 97 2
74 20 1
89 97 2
15 51 1
45 86 2
8 68 1
65 10 2
98 43 1
44 5 2
45 41 1
78 24 2
36 40 1
52 15 2
36 16 1
24 69 2
28 41 1
58 64 2
5 29 1
2 93 2
20 40 1
74 55 2
96 41 1
30 71 2
26 34 1
67 79 2
60 4 1
58 67 2
91 32 1
0 49 2
91 53 1
2 61 2
9 11 1
87 5 2
78 23 1
60 73 2
21 81 1
2 90 2
15 86 1
76 36 2
96 27 1
52 42 2
66 92 1
24 25 2
94 33 1
61 54 2
70 82 1
17 36 2
81 57 1
55 35 2
51 94 1
2 45 2
53 95 1
22 28 2
77 1 1
5 62 2
47 28 1
16 40 2
28 13 1
72 95 2
78 54 1
12 75 2
85 96 1
33 98 2
28 34 1
0 16 2
30 27 1
36 21 2
83 81 1
57 91 2
19 85 1
75 57 2
87 90 1
20 43 2
34 78 1
74 24 2
94 58 1
80 84 2
94 87 1
35 89 2
78 32 1
92 41 2
79 5 1
27 82 2
53 29 1
32 64 2
29 33 1
68 74 2
26 90 1
83 66 2
25 15 1
76 63 2
66 95 1
60 26 2
4 14 1
20 62 2
17 73 1
89 42 2
92 74 1
78 75 2
37 12 1
95 33 2
39 91 1
30 64 2
91 91 1
46 78 2
73 20 1
73 94 2
44 32 1
50 70 2
48 7 1
26 98 2
84 19 1
35 98 2
49 82 1
90 32 2
0 89 1
89 2 2
46 13 1
66 50 2
66 39 1
10 53 2
77 71 1
88 70 2
12 5 1
24 5 2
57 57 1
33 51 2
18 70 1
15 36 2
40 55 1
54 28 2
59 75 1
38 3 2
75 95 1
77 76 2
91 40 1
85 1 2
97 42 1
29 74 2
71 36 1
13 88 2
75 7 1
30 87 2
69 75 1
54 70 2
80 25 1
82 42 2
82 50 1
26 72 2
27 86 1
91 27 2
0 24 1
78 59 2
96 71 1
67 74 2
31 24 1
28 17 2
21 15 1
66 76 2
70 7 1
19 63 2
68 19 1
38 71 2
27 54 1
39 98 2
19 34 1
4 70 2
27 23 1
66 14 2
94 71 1
97 0 2
8 26 1
48 58 2
71 98 1
25 26 2
4 62 1
17 37 2
5 58 1
79 25 2
20 59 1
16 66 2
75 8 1
85 81 2
14 42 1
74 63 2
73 60 1
95 93 2
69 25 1
41 55 2
73 34 1
37 90 2
92 28 1
57 38 2
66 94 1
67 7 2
37 20 1
4 23 2
9 48 1
45 77 2
3 79 1
5 44 2
94 80 1
79 78 2
83 60 1
81 14 2
9 67 1
23 87 2
60 2 1
29 91 2
42 7 1
73 0 2
25 9 1
8 96 2
48 35 1
60 82 2
83 52 1
86 90 2
71 59 1
49 9 2
43 3 1
96 66 2
15 53 1
21 2 2
69 43 1
70 73 2
61 87 1
26 82 2
64 38 1
86 17 2
0 84 1
81 69 2
44 42 1
38 7 2
76 78 1
24 68 2
80 36 1
1 32 2
93 72 1
75 58 2
4 83 1
56 27 2
39 25 1
38 92 2
94 82 1
55 13 2
81 30 1
65 15 2
73 3 1
32 78 2
1 36 1
34 93 2
84 58 1
53 81 2
67 19 1
33 89 2
19 31 1
60 12 2
81 0 1
60 28 2
78 56 1
13 82 2
83 65 1
80 76 2
62 15 1
44 46 2
27 59 1
95 9 2
33 33 1
29 28 2
75 96 1
32 46 2
72 58 1
75 51 2
68 21 1
69 70 2
57 34 1
73 33 2
24 61 1
26 93 2
84 85 1
2 13 2
73 70 1
4 26 2
74 42 1
6 12 2
21 66 1
25 48 2
37 5 1
71 1 2
97 28 1
6 65 2
54 98 1
45 15 2
91 44 1
55 68 2
12 83 1
44 26 2
54 8 1
74 52 2
66 79 1
61 95 2
84 23 1
93 8 2
93 20 1
85 53 2
10 41 1
8 90 2
42 51 1
24 4 2
75 43 1
31 49 2
67 65 1
21 54 2
13 81 1
98 79 2
14 1 1
43 51 2
26 67 1
2 69 2
3 53 1
75 73 2
94 20 1
36 96 2
84 45 1
77 28 2
14 58 1
22 78 2
98 56 1
93 32 2
50 23 1
95 34 2
3 93 1
38 41 2
90 58 1
68 89 2
46 74 1
75 83 2
51 26 1
32 20 2
55 51 1
5 39 2
85 57 1
20 3 2
70 80 1
83 2 2
2 33 1
8 87 2
21 47 1
76 48 2
37 21 1
67 36 2
5 26 1
55 6 2
1 27 1
69 0 2
79 91 1
45 30 2
96 18 1
44 87 2
91 86 1
63 76 2
38 34 1
13 7 2
21 43 1
14 25 2
1 29 1
31 18 2
33 57 1
45 32 2
19 40 1
43 23 2
30 13 1
70 62 2
32 15 1
5 79 2
72 11 1
43 31 2
66 84 1
32 97 2
18 56 1
16 36 2
12 18 1
7 8 2
12 73 1
82 39 2
29 94 1
38 91 2
39 90 1
56 22 2
81 84 1
73 21 2
47 14 1
53 7 2
42 56 1
83 70 2
22 97 1
10 32 2
64 68 1
52 17 2
58 73 1
9 29 2
82 3 1
22 47 2
54 96 1
48 36 2
55 9 1
35 19 2
42 73 1
52 40 2
17 74 1
52 16 2
78 49 1
43 39 2
30 72 1
68 98 2
90 37 1
55 32 2
80 49 1
5 45 2
94 51 1
15 94 2
44 24 1
87 9 2
36 17 1
97 74 2
25 20 1
88 96 2
18 10 1
79 12 2
1 62 1
49 22 2
49 56 1
35 72 2
78 85 1
42 58 2
69 92 1
93 50 2
23 13 1
80 77 2
66 9 1
2 19 2
74 44 1
39 10 2
30 20 1
13 58 2
76 70 1
75 26 2
78 79 1
82 32 2
48 2 1
14 26 2
54 20 1
95 24 2
95 61 1
45 84 2
37 28 1
40 28 2
59 83 1
39 43 2
84 42 1
9 23 2
62 6 1
11 44 2
72 85 1
69 17 2
14 57 1
43 48 2
62 55 1
28 77 2
75 17 1
61 23 2
43 81 1
79 71 2
59 78 1
42 24 2
69 53 1
98 60 2
54 78 1
6 25 2
41 4 1
76 14 2
23 6 1
88 20 2
97 88 1
17 82 2
44 72 1
49 24 2
17 63 1
25 49 2
57 97 1
13 56 2
63 66 1
90 64 2
48 88 1
60 21 2
23 34 1
38 78 2
29 89 1
95 36 2
18 75 1
30 9 2
68 64 1
29 17 2
15 48 1
12 68 2
16 84 1
80 32 2
47 7 1
13 9 2
51 77 1
26 32 2
57 94 1
81 36 2
48 73 1
69 96 2
37 49 1
30 35 2
42 27 1
86 95 2
9 34 1
35 61 2
65 60 1
44 39 2
26 2 1
92 98 2
71 0 1
43 70 2
78 48 1
68 90 2
97 26 1
36 59 2
17 57 1
50 92 2
2 53 1
6 1 2
40 92 1
66 6 2
70 3 1
67 84 2
87 39 1
71 66 2
59 79 1
40 74 2
82 56 1
55 96 2
30 53 1
21 14 2
97 17 1
42 94 2
74 96 1
14 84 2
83 20 1
5 36 2
58 45 1
83 67 2
62 28 1
48 52 2
73 6 1
22 15 2
30 43 1
66 91 2
60 17 1
6 44 2
55 60 1
66 35 2
6 46 1
79 37 2
78 17 1
98 84 2
11 38 1
1 18 2
62 19 1
13 11 2
14 32 1
83 22 2
30 49 1
76 41 2
21 87 1
33 75 2
79 70 1
49 18 2
98 62 1
95 31 2
62 25 1
29 14 2
90 70 1
87 46 2
97 21 1
75 71 2
74 97 1
68 31 2
98 55 1
64 55 2
5 53 1
39 27 2
61 75 1
96 81 2
2 84 1
41 52 2
92 56 1
4 80 2
57 72 1
69 20 2
19 91 1
77 65 2
23 53 1
65 79 2
82 76 1
61 49 2
7 70 1
44 58 2
82 60 1
50 11 2
31 39 1
38 20 2
19 30 1
35 13 2
52 28 1
33 72 2
81 48 1
65 72 2
38 70 1
31 40 2
65 77 1
91 26 2
49 54 1
40 8 2
82 73 1
73 35 2
74 21 1
34 52 2
36 58 1
3 8 2
85 12 1
95 29 2
84 43 1
53 15 2
6 75 1
0 53 2
76 19 1
56 93 2
57 11 1
49 58 2
87 67 1
59 21 2
74 69 1
97 5 2
12 16 1
93 87 2
24 80 1
80 73 2
38 95 1
3 42 2
49 51 1
3 16 2
81 39 1
43 21 2
30 84 1
31 88 2
82 53 1
60 46 2
17 48 1
84 34 2
93 73 1
29 38 2
91 10 1
13 86 2
68 44 1
48 34 2
0 78 1
23 40 2
28 56 1
31 6 2
81 62 1
8 60 2
79 67 1
16 70 2
1 9 1
48 57 2
43 1 1
26 73 2
76 81 1
47 89 2
88 49 1
50 37 2
62 26 1
62 22 2
39 54 1
0 44 2
55 45 1
19 47 2
37 10 1
10 19 2
44 88 1
48 20 2
68 4 1
58 89 2
83 23 1
44 57 2
7 35 1
54 47 2
25 93 1
72 43 2
1 67 1
86 32 2
73 25 1
81 7 2
30 50 1
93 5 2
81 63 1
69 22 2
34 15 1
15 24 2
21 26 1
41 69 2
90 38 1
97 79 2
96 7 1
18 48 2
3 18 1
94 75 2
2 41 1
91 85 2
96 43 1
73 88 2
97 61 1
7 3 2
79 8 1
1 82 2
77 23 1
57 44 2
42 79 1
31 83 2
17 42 1
11 32 2
75 93 1
74 59 2
40 54 1
29 76 2
12 76 1
58 90 2
18 2 1
73 38 2
13 39 1
75 87 2
48 16 1
87 32 2
79 56 1
26 6 2
8 30 1
64 44 2
97 46 1
28 23 2
53 9 1
4 82 2
32 41 1
58 37 2
57 24 1
65 3 2
27 1 1
39 14 2
6 11 1
15 30 2
86 43 1
67 82 2
77 52 1
38 39 2
33 97 1
12 56 2
67 60 1
67 62 2
11 74 1
27 20 2
52 51 1
44 89 2
81 5 1
22 18 2
12 28 1
60 14 2
38 10 1
47 81 2
28 52 1
5 77 2
27 34 1
73 87 2
42 33 1
58 15 2
67 87 1
81 66 2
58 88 1
83 31 2
35 86 1
24 59 2
52 39 1
46 82 2
14 20 1
25 53 2
58 23 1
30 39 2
36 13 1
43 82 2
5 27 1
86 82 2
43 98 1
59 50 2
82 37 1
85 92 2
80 70 1
67 34 2
98 70 1
96 87 2
17 78 1
35 51 2
62 76 1
10 50 2
23 9 1
37 37 2
7 55 1
92 82 2
67 30 1
54 15 2
81 88 1
35 76 2
84 12 1
19 54 2
9 89 1
66 59 2
74 9 1
23 59 2
54 82 1
11 17 2
56 63 1
42 4 2
19 26 1
79 80 2
65 29 1
77 11 2
80 29 1
7 10 2
26 54 1
45 76 2
11 91 1
34 28 2
57 13 1
50 64 2
60 6 1
72 88 2
88 75 1
18 81 2
38 18 1
4 74 2
88 8 1
83 94 2
96 14 1
82 57 2
94 42 1
35 30 2
71 3 1
66 57 2
94 67 1
44 90 2
64 30 1
86 20 2
35 69 1
61 79 2
42 43 1
2 1 2
66 42 1
22 45 2
62 87 1
20 58 2
63 48 1
45 98 2
89 12 1
66 77 2
79 24 1
71 27 2
80 28 1
92 70 2
93 67 1
64 98 2
27 43 1
54 58 2
73 97 1
31 50 2
4 81 1
83 91 2
59 47 1
85 75 2
12 13 1
7 69 2
25 95 1
61 94 2
43 22 1
24 45 2
25 36 1
25 75 2
87 12 1
47 86 2
63 9 1
67 39 2
61 41 1
69 78 2
6 49 1
98 18 2
2 74 1
96 48 2
42 76 1
44 41 2
33 1 1
12 60 2
12 10 1
62 50 2
46 38 1
94 8 2
27 29 1
73 22 2
30 58 1
66 32 2
38 26 1
74 26 2
7 64 1
19 55 2
19 17 1
16 95 2
3 7 1
0 4 2
43 73 1
68 0 2
78 12 1
35 84 2
65 13 1
85 32 2
55 85 1
97 45 2
40 22 1
37 56 2
2 29 1
73 98 2
48 25 1
83 34 2
67 10 1
38 49 2
96 98 1
18 76 2
96 9 1
78 28 2
71 87 1
68 34 2
14 33 1
91 38 2
42 65 1
2 4 2
76 4 1
92 30 2
20 85 1
82 72 2
70 5 1
43 94 2
74 17 1
73 29 2
94 23 1
24 19 2
8 17 1
39 46 2
15 5 1
84 64 2
83 78 1
32 65 2
87 8 1
86 67 2
34 13 1
8 2 2
51 47 1
0 46 2
3 36 1
33 85 2
5 23 1
77 62 2
71 92 1
33 25 2
20 77 1
68 42 2
86 64 1
4 41 2
29 98 1
0 67 2
58 40 1
18 18 2
55 55 1
47 79 2
45 1 1
72 45 2
16 39 1
9 82 2
2 57 1
35 11 2
75 65 1
22 79 2
81 45 1
48 38 2
63 27 1
71 28 2
3 98 1
86 21 2
87 92 1
65 45 2
75 19 1
46 51 2
56 1 1
76 59 2
2 54 1
55 19 2
95 72 1
25 80 2
64 59 1
83 15 2
54 22 1
8 52 2
45 36 1
31 20 2
94 89 1
52 84 2
55 22 1
88 1 2
43 96 1
90 39 2
29 44 1
10 64 2
67 88 1
25 82 2
49 1 1
89 53 2
9 78 1
68 67 2
82 19 1
4 42 2
22 39 1
10 13 2
35 32 1
25 40 2
56 96 1
66 11 2
15 37 1
10 10 2
26 23 1
42 46 2
64 58 1
25 84 2
24 33 1
93 7 2
43 44 1
73 58 2
13 84 1
89 68 2
16 30 1
67 32 2
91 9 1
12 21 2
32 58 1
51 63 2
90 56 1
91 52 2
52 24 1
82 89 2
78 89 1
2 59 2
11 63 1
37 57 2
65 38 1
23 64 2
81 95 1
76 9 2
21 73 1
88 91 2
60 70 1
38 43 2
65 5 1
86 37 2
64 50 1
72 50 2
5 35 1
26 86 2
29 18 1
69 12 2
9 1 1
25 91 2
8 95 1
39 23 2
33 73 1
57 49 2
63 65 1
94 40 2
14 72 1
43 12 2
91 14 1
86 11 2
9 41 1
78 74 2
93 49 1
42 20 2
82 17 1
6 52 2
43 0 1
7 62 2
35 36 1
63 26 2
3 46 1
19 33 2
71 54 1
74 68 2
32 60 1
33 58 2
88 5 1
24 12 2
37 65 1
22 63 2
78 39 1
3 41 2
96 84 1
15 65 2
58 43 1
11 70 2
47 54 1
94 53 2
24 98 1
29 69 2
50 35 1
56 19 2
25 2 1
38 90 2
53 72 1
89 38 2
26 95 1
4 98 2
6 15 1
91 94 2
38 36 1
64 33 2
11 49 1
48 95 2
46 2 1
53 16 2
83 6 1
27 81 2
50 83 1
83 33 2
1 20 1
95 79 2
66 44 1
54 37 2
80 5 1
84 14 2
85 15 1
25 13 2
93 9 1
3 30 2
34 95 1
75 33 2
52 74 1
43 32 2
0 86 1
33 71 2
75 1 1
25 45 2
44 45 1
31 62 2
35 28 1
78 21 2
75 11 1
92 31 2
92 90 1
4 43 2
49 27 1
43 63 2
0 8 1
20 1 2
77 44 1
98 66 2
70 17 1
15 63 2
29 48 1
96 23 2
13 44 1
58 53 2
54 9 1
4 96 2
36 45 1
82 40 2
2 10 1
13 19 2
19 2 1
73 53 2
13 92 1
13 24 2
22 72 1
29 55 2
35 65 1
25 79 2
86 3 1
51 7 2
73 96 1
10 6 2
53 59 1
71 45 2
16 19 1
12 48 2
48 97 1
88 32 2
93 10 1
30 16 2
16 25 1
71 50 2
92 73 1
86 88 2
20 64 1
33 8 2
29 57 1
40 60 2
58 59 1
83 55 2
60 25 1
77 2 2
20 0 1
52 1 2
19 69 1
76 77 2
22 13 1
9 74 2
45 71 1
32 16 2
63 37 1
28 2 2
72 63 1
54 59 2
35 29 1
31 11 2
23 11 1
68 80 2
52 22 1
26 40 2
83 25 1
24 2 2
52 52 1
13 57 2
22 30 1
0 83 2
73 7 1
64 42 2
38 84 1
41 74 2
36 88 1
54 24 2
75 74 1
98 11 2
81 18 1
48 5 2
89 61 1
90 94 2
27 33 1
59 30 2
23 61 1
91 78 2
60 83 1
89 60 2
64 15 1
15 33 2
71 18 1
1 31 2
4 17 1
29 27 2
32 77 1
15 25 2
44 83 1
69 82 2
79 74 1
77 87 2
45 61 1
72 86 2
27 91 1
49 16 2
20 51 1
96 17 2
50 50 1
1 97 2
52 48 1
11 16 2
55 89 1
96 39 2
81 70 1
58 31 2
81 26 1
73 37 2
21 40 1
34 6 2
46 93 1
25 54 2
47 50 1
16 87 2
97 11 1
82 69 2
68 49 1
46 16 2
50 9 1
76 73 2
64 21 1
7 91 2
21 48 1
10 66 2
41 80 1
66 85 2
12 45 1
71 90 2
77 92 1
78 1 2
12 59 1
37 31 2
41 58 1
63 20 2
57 92 1
17 58 2
43 46 1
92 80 2
67 38 1
14 38 2
70 41 1
1 92 2
80 90 1
3 86 2
82 1 1
88 29 2
21 79 1
65 91 2
69 36 1
47 21 2
33 12 1
16 92 2
97 59 1
46 71 2
59 15 1
32 55 2
91 36 1
66 27 2
63 81 1
2 3 2
2 43 1
40 46 2
0 33 1
63 12 2
18 94 1
12 97 2
34 60 1
77 88 2
8 55 1
56 21 2
0 43 1
63 72 2
59 26 1
47 51 2
98 92 1
65 68 2
89 65 1
34 85 2
9 80 1
51 92 2
98 36 1
60 63 2
31 64 1
7 94 2
46 44 1
77 67 2
73 79 1
26 83 2
27 66 1
60 87 2
72 37 1
56 13 2
67 26 1
2 65 2
34 71 1
76 87 2
43 90 1
61 19 2
67 83 1
63 85 2
85 35 1
92 36 2
15 49 1
81 43 2
19 79 1
62 79 2
86 97 1
75 81 2
47 32 1
50 4 2
16 14 1
29 56 2
14 0 1
25 22 2
37 70 1
89 36 2
73 89 1
53 43 2
40 56 1
88 2 2
59 80 1
77 42 2
92 63 1
6 57 2
63 42 1
52 37 2
53 83 1
51 21 2
76 1 1
4 30 2
32 39 1
51 20 2
47 42 1
96 11 2
13 95 1
67 92 2
81 16 1
96 95 2
67 97 1
9 27 2
33 40 1
58 30 2
97 3 1
81 13 2
30 7 1
30 73 2
71 53 1
62 37 2
7 44 1
94 98 2
46 52 1
38 58 2
23 70 1
3 95 2
88 73 1
21 25 2
71 29 1
2 77 2
29 64 1
94 63 2
72 83 1
82 46 2
23 36 1
24 26 2
71 46 1
68 63 2
64 52 1
10 3 2
4 71 1
97 19 2
39 16 1
23 32 2
64 91 1
60 37 2
10 35 1
93 79 2
0 92 1
24 50 2
65 48 1
52 44 2
58 85 1
55 43 2
41 6 1
85 86 2
15 26 1
74 7 2
59 70 1
13 12 2
80 23 1
2 50 2
95 38 1
72 0 2
50 1 1
61 0 2
87 87 1
15 6 2
9 86 1
68 23 2
52 29 1
40 65 2
76 82 1
98 83 2
65 39 1
4 4 2
96 80 1
73 30 2
97 27 1
64 31 2
9 65 1
65 61 2
20 73 1
76 25 2
53 82 1
63 23 2
80 34 1
28 28 2
30 69 1
39 93 2
15 84 1
6 61 2
7 46 1
22 48 2
26 57 1
5 90 2
32 95 1
87 1 2
16 71 1
37 40 2
86 2 1
94 14 2
66 61 1
24 35 2
11 55 1
60 72 2
96 49 1
17 32 2
46 21 1
26 16 2
84 39 1
91 19 2
93 2 1
55 86 2
30 18 1
25 76 2
11 7 1
50 6 2
64 93 1
37 60 2
56 74 1
81 29 2
12 39 1
40 48 2
93 77 1
0 40 2
45 54 1
56 25 2
26 68 1
92 59 2
97 70 1
20 28 2
62 30 1
26 27 2
2 23 1
65 18 2
11 56 1
59 7 2
39 9 1
31 28 2
58 4 1
1 12 2
96 54 1
81 55 2
20 11 1
12 65 2
8 8 1
54 10 2
46 35 1
52 9 2
75 52 1
59 88 2
92 14 1
91 6 2
89 74 1
6 66 2
66 89 1
70 14 2
77 70 1
59 60 2
50 38 1
24 3 2
13 0 1
52 76 2
64 1 1
61 44 2
40 49 1
67 57 2
46 97 1
86 89 2
93 52 1
66 16 2
17 25 1
24 58 2
33 79 1
2 5 2
57 39 1
71 91 2
46 75 1
77 17 2
61 46 1
78 36 2
91 65 1
82 21 2
36 6 1
32 7 2
1 47 1
1 93 2
9 63 1
39 19 2
50 36 1
19 46 2
1 94 1
33 69 2
39 63 1
30 6 2
10 36 1
92 39 2
40 90 1
22 91 2
44 17 1
61 71 2
5 57 1
13 20 2
16 35 1
91 89 2
31 35 1
34 82 2
0 42 1
47 35 2
46 95 1
24 42 2
51 50 1
40 9 2
13 75 1
93 53 2
34 41 1
67 37 2
47 72 1
80 59 2
63 61 1
74 31 2
15 72 1
57 73 2
69 23 1
55 14 2
28 26 1
1 77 2
75 66 1
44 29 2
12 8 1
40 64 2
71 24 1
75 40 2
21 27 1
1 63 2
2 80 1
24 38 2
66 68 1
58 11 2
53 19 1
0 91 2
96 36 1
27 42 2
47 56 1
24 6 2
32 36 1
63 63 2
40 68 1
64 84 2
29 80 1
36 32 2
50 32 1
97 75 2
33 16 1
52 94 2
40 29 1
4 20 2
56 44 1
68 46 2
40 78 1
33 90 2
73 18 1
82 29 2
72 56 1
39 38 2
85 22 1
62 69 2
61 17 1
78 22 2
33 80 1
83 72 2
45 97 1
89 16 2
94 30 1
78 88 2
41 78 1
33 3 2
47 93 1
86 18 2
66 87 1
14 49 2
50 65 1
79 6 2
4 15 1
60 59 2
29 46 1
2 94 2
64 35 1
34 92 2
1 5 1
42 71 2
6 18 1
42 30 2
98 29 1
30 54 2
34 34 1
94 3 2
87 13 1
79 58 2
6 20 1
20 68 2
9 52 1
97 25 2
11 54 1
98 80 2
53 69 1
14 8 2
5 10 1
55 91 2
98 47 1
72 14 2
56 31 1
88 62 2
11 73 1
6 37 2
77 86 1
87 10 2
19 45 1
41 10 2
89 63 1
16 47 2
95 96 1
47 13 2
86 85 1
74 2 2
32 53 1
4 9 2
57 8 1
25 3 2
48 6 1
7 47 2
70 43 1
1 55 2
30 22 1
64 10 2
25 85 1
60 45 2
42 66 1
19 76 2
43 15 1
54 1 2
49 77 1
68 94 2
60 88 1
71 71 2
78 19 1
72 80 2
19 5 1
27 48 2
57 62 1
59 74 2
55 90 1
14 95 2
61 89 1
62 31 2
5 3 1
4 63 2
8 83 1
82 80 2
34 26 1
36 54 2
64 47 1
28 83 2
85 42 1
25 52 2
54 34 1
58 98 2
74 13 1
42 59 2
58 63 1
74 50 2
11 25 1
11 72 2
20 46 1
82 68 2
25 65 1
83 30 2
82 96 1
71 19 2
19 94 1
51 29 2
50 15 1
68 25 2
7 12 1
92 25 2
48 46 1
46 88 2
89 27 1
87 16 2
81 93 1
62 2 2
53 84 1
51 59 2
30 3 1
49 60 2
14 6 1
37 78 2
24 7 1
47 87 2
22 52 1
80 67 2
48 14 1
0 85 2
13 98 1
61 77 2
67 98 1
12 63 2
45 78 1
35 78 2
93 18 1
83 43 2
18 33 1
34 57 2
3 6 1
15 7 2
30 12 1
47 36 2
67 24 1
30 74 2
0 2 1
68 57 2
95 4 1
85 56 2
51 43 1
98 91 2
89 47 1
37 30 2
22 98 1
56 15 2
38 69 1
90 92 2
45 17 1
3 48 2
37 71 1
80 33 2
23 60 1
65 43 2
37 24 1
85 63 2
78 67 1
20 65 2
28 27 1
0 70 2
14 39 1
86 27 2
83 53 1
77 97 2
14 55 1
58 61 2
30 19 1
7 90 2
89 77 1
77 18 2
46 1 1
97 92 2
78 73 1
17 14 2
11 4 1
27 38 2
63 31 1
68 77 2
59 92 1
56 5 2
94 74 1
43 7 2
91 92 1
44 13 2
41 29 1
32 33 2
7 98 1
65 76 2
5 59 1
3 83 2
58 9 1
56 14 2
24 77 1
54 65 2
65 54 1
73 26 2
32 94 1
91 77 2
55 42 1
94 38 2
35 10 1
94 72 2
75 69 1
56 20 2
47 73 1
66 55 2
11 0 1
16 75 2
12 36 1
32 29 2
42 11 1
18 54 2
35 54 1
85 84 2
53 13 1
74 71 2
21 0 1
56 16 2
87 18 1
56 51 2
80 64 1
50 53 2
1 72 1
5 89 2
39 20 1
95 70 2
1 73 1
13 60 2
26 11 1
71 16 2
5 21 1
9 39 2
2 86 1
65 20 2
26 79 1
22 35 2
38 53 1
42 14 2
90 35 1
58 35 2
24 79 1
49 57 2
71 49 1
59 3 2
70 44 1
67 70 2
5 75 1
78 27 2
38 12 1
38 74 2
35 43 1
39 62 2
54 18 1
53 79 2
8 94 1
75 48 2
79 61 1
19 56 2
55 74 1
16 43 2
35 63 1
37 68 2
43 77 1
88 60 2
47 64 1
52 93 2
87 33 1
74 47 2
11 8 1
20 20 2
87 37 1
83 84 2
11 22 1
97 80 2
36 48 1
81 54 2
86 49 1
79 53 2
23 8 1
34 94 2
16 86 1
98 16 2
54 57 1
68 37 2
33 24 1
77 69 2
55 11 1
85 49 2
54 76 1
32 70 2
18 60 1
41 42 2
70 91 1
53 32 2
82 0 1
0 47 2
41 12 1
84 13 2
87 80 1
12 92 2
65 81 1
70 96 2
92 24 1
66 58 2
82 45 1
21 92 2
40 70 1
92 54 2
43 49 1
70 4 2
91 56 1
28 78 2
94 36 1
8 54 2
46 54 1
68 93 2
52 57 1
58 8 2
85 77 1
26 64 2
72 33 1
41 62 2
83 56 1
38 19 2
38 1 1
76 58 2
72 5 1
90 95 2
93 62 1
58 51 2
36 95 1
36 42 2
71 11 1
97 47 2
2 51 1
97 87 2
50 52 1
46 90 2
87 4 1
97 65 2
7 34 1
64 81 2
33 95 1
66 1 2
95 67 1
72 31 2
72 70 1
25 0 2
21 20 1
26 46 2
61 30 1
86 57 2
76 91 1
40 81 2
29 87 1
6 17 2
18 68 1
35 16 2
97 6 1
78 29 2
76 47 1
17 41 2
0 59 1
13 53 2
25 72 1
7 41 2
59 25 1
12 35 2
93 3 1
12 17 2
13 30 1
33 17 2
24 55 1
28 22 2
29 37 1
81 98 2
49 2 1
53 55 2
34 72 1
37 87 2
88 23 1
80 13 2
40 11 1
70 86 2
51 46 1
78 26 2
36 4 1
98 76 2
94 56 1
43 85 2
97 68 1
98 78 2
0 28 1
63 5 2
38 66 1
49 31 2
67 50 1
82 43 2
72 44 1
43 84 2
66 63 1
31 80 2
71 25 1
70 16 2
83 93 1
91 84 2
37 73 1
79 98 2
54 23 1
52 80 2
96 94 1
16 37 2
20 38 1
7 30 2
48 69 1
11 76 2
77 21 1
59 72 2
24 97 1
26 76 2
57 20 1
49 75 2
94 17 1
31 23 2
41 30 1
68 70 2
4 12 1
70 64 2
45 70 1
92 85 2
33 60 1
83 80 2
31 82 1
38 97 2
39 74 1
15 17 2
26 21 1
24 0 2
74 54 1
44 61 2
10 90 1
12 72 2
41 28 1
65 19 2
80 26 1
25 55 2
30 24 1
35 58 2
35 47 1
76 88 2
32 24 1
91 58 2
49 89 1
39 59 2
97 69 1
86 19 2
67 27 1
12 37 2
27 75 1
87 83 2
23 22 1
51 78 2
36 79 1
39 80 2
19 7 1
4 72 2
7 79 1
25 88 2
3 59 1
65 73 2
96 8 1
77 16 2
66 86 1
56 49 2
34 39 1
46 91 2
49 34 1
92 15 2
2 20 1
61 24 2
21 80 1
75 32 2
15 98 1
34 38 2
97 31 1
81 12 2
77 55 1
22 86 2
86 63 1
0 55 2
52 55 1
45 9 2
63 10 1
17 84 2
18 92 1
19 12 2
74 11 1
91 61 2
38 77 1
14 80 2
28 42 1
62 17 2
74 82 1
12 82 2
35 96 1
14 17 2
23 86 1
85 19 2
76 89 1
53 70 2
49 0 1
85 80 2
65 64 1
20 17 2
68 85 1
25 64 2
54 92 1
57 37 2
8 82 1
41 83 2
44 71 1
48 68 2
49 67 1
73 28 2
49 25 1
91 76 2
0 37 1
6 56 2
17 35 1
7 66 2
31 56 1
61 1 2
8 64 1
20 88 2
7 0 1
70 34 2
13 21 1
52 60 2
45 93 1
3 66 2
51 13 1
61 33 2
73 77 1
67 52 2
34 65 1
27 52 2
64 12 1
2 39 2
3 32 1
27 85 2
43 97 1
58 24 2
14 76 1
36 81 2
47 24 1
88 34 2
9 33 1
46 37 2
18 80 1
66 96 2
74 45 1
20 49 2
87 0 1
15 4 2
59 22 1
51 2 2
62 75 1
16 2 2
1 59 1
9 46 2
30 78 1
74 19 2
81 86 1
77 22 2
15 79 1
44 15 2
39 0 1
69 94 2
42 68 1
39 72 2
45 53 1
7 80 2
40 79 1
86 24 2
7 40 1
68 3 2
91 3 1
97 63 2
2 28 1
37 39 2
8 15 1
86 6 2
63 7 1
57 75 2
98 26 1
16 91 2
4 59 1
67 76 2
48 56 1
80 57 2
22 8 1
38 73 2
14 97 1
0 68 2
41 20 1
91 51 2
22 96 1
16 12 2
26 5 1
17 61 2
24 67 1
10 28 2
23 46 1
14 60 2
36 5 1
96 50 2
58 34 1
59 6 2
50 21 1
83 87 2
90 42 1
87 19 2
55 48 1
64 32 2
86 28 1
60 18 2
80 9 1
58 77 2
88 78 1
81 89 2
18 77 1
97 50 2
26 74 1
11 88 2
59 54 1
23 47 2
79 36 1
19 89 2
54 19 1
60 29 2
80 92 1
25 60 2
4 50 1
41 48 2
56 33 1
73 2 2
92 19 1
88 35 2
90 21 1
29 75 2
54 46 1
60 58 2
87 29 1
88 28 2
57 98 1
89 29 2
4 21 1
78 68 2
33 10 1
1 34 2
63 87 1
2 16 2
91 37 1
30 5 2
69 1 1
90 55 2
49 15 1
74 23 2
29 77 1
62 52 2
39 56 1
88 51 2
91 33 1
32 69 2
50 30 1
47 65 2
1 11 1
33 49 2
48 8 1
56 35 2
70 10 1
29 34 2
50 49 1
96 15 2
69 87 1
84 52 2
62 53 1
10 73 2
16 98 1
18 86 2
5 60 1
60 10 2
8 7 1
75 53 2
59 11 1
91 70 2
88 95 1
49 83 2
94 91 1
15 70 2
49 49 1
73 31 2
12 90 1
92 1 2
79 23 1
54 80 2
89 90 1
63 19 2
12 69 1
39 73 2
57 41 1
49 10 2
13 54 1
34 84 2
29 49 1
32 54 2
76 5 1
21 77 2
38 72 1
7 48 2
48 64 1
96 86 2
97 7 1
79 13 2
67 9 1
27 61 2
72 79 1
41 19 2
25 30 1
88 64 2
85 46 1
52 59 2
93 45 1
54 74 2
23 31 1
81 60 2
54 88 1
54 94 2
32 3 1
5 11 2
80 42 1
39 49 2
6 98 1
93 90 2
21 97 1
83 90 2
27 4 1
43 2 2
64 61 1
41 77 2
40 34 1
62 23 2
58 29 1
56 9 2
55 70 1
41 63 2
78 35 1
85 89 2
16 42 1
18 24 2
81 81 1
84 63 2
4 27 1
44 93 2
24 73 1
71 86 2
79 21 1
76 94 2
95 25 1
61 97 2
5 51 1
61 25 2
23 75 1
62 7 2
63 29 1
17 79 2
98 21 1
88 98 2
66 15 1
95 8 2
61 68 1
58 82 2
98 69 1
49 44 2
24 15 1
93 64 2
70 75 1
27 71 2
56 76 1
38 4 2
54 16 1
52 38 2
41 79 1
21 78 2
48 40 1
33 50 2
18 50 1
45 80 2
54 66 1
92 69 2
66 21 1
41 33 2
68 36 1
47 20 2
40 31 1
50 98 2
19 80 1
37 66 2
90 50 1
71 84 2
64 13 1
17 28 2
63 32 1
80 31 2
58 17 1
9 81 2
9 66 1
89 40 2
19 98 1
73 11 2
21 12 1
11 27 2
75 94 1
89 19 2
39 1 1
80 83 2
35 48 1
77 82 2
16 76 1
63 80 2
68 72 1
22 65 2
81 19 1
69 11 2
76 55 1
38 89 2
57 71 1
95 6 2
67 54 1
13 85 2
60 15 1
26 28 2
42 23 1
55 97 2
53 27 1
50 20 2
36 33 1
32 17 2
70 51 1
55 40 2
44 63 1
69 41 2
17 60 1
78 40 2
7 58 1
19 57 2
17 24 1
73 63 2
28 11 1
75 35 2
49 7 1
95 92 2
26 55 1
40 83 2
31 81 1
16 11 2
29 26 1
47 44 2
49 92 1
96 21 2
90 31 1
9 19 2
69 52 1
16 16 2
65 89 1
87 85 2
37 48 1
98 41 2
74 35 1
86 10 2
26 87 1
10 94 2
77 34 1
6 71 2
4 29 1
10 97 2
20 93 1
80 53 2
10 24 1
36 71 2
30 15 1
28 66 2
20 41 1
12 67 2
36 9 1
51 37 2
14 37 1
62 54 2
91 20 1
98 40 2
87 27 1
9 28 2
92 61 1
6 34 2
28 62 1
85 44 2
8 78 1
30 46 2
39 4 1
26 9 2
69 16 1
22 61 2
34 22 1
97 73 2
88 41 1
64 89 2
12 30 1
35 59 2
87 11 1
21 83 2
30 21 1
74 46 2
0 52 1
80 43 2
82 47 1
78 60 2
93 71 1
76 76 2
20 81 1
16 57 2
43 55 1
54 44 2
84 26 1
80 14 2
45 91 1
46 27 2
13 72 1
77 19 2
56 68 1
18 21 2
63 35 1
65 98 2
83 39 1
16 18 2
83 19 1
93 76 2
85 5 1
21 22 2
59 16 1
69 88 2
64 24 1
36 68 2
80 15 1
66 26 2
30 60 1
40 1 2
57 50 1
27 79 2
8 23 1
26 65 2
84 83 1
39 77 2
96 79 1
55 57 2
10 54 1
41 70 2
38 42 1
70 38 2
36 46 1
17 30 2
2 9 1
64 94 2
58 91 1
64 45 2
44 80 1
64 11 2
51 14 1
17 80 2
78 4 1
53 35 2
89 86 1
59 8 2
19 36 1
27 6 2
51 68 1
11 43 2
72 62 1
54 48 2
13 77 1
3 25 2
70 79 1
35 68 2
43 25 1
86 51 2
64 77 1
1 76 2
71 67 1
57 64 2
25 86 1
47 19 2
62 57 1
2 31 2
47 49 1
94 16 2
15 8 1
23 30 2
8 92 1
4 76 2
56 42 1
7 9 2
77 54 1
76 0 2
48 79 1
28 65 2
64 82 1
23 33 2
88 14 1
87 98 2
34 77 1
8 37 2
28 64 1
22 55 2
31 66 1
50 44 2
37 94 1
23 78 2
78 90 1
97 39 2
55 27 1
58 71 2
60 60 1
88 27 2
64 51 1
41 88 2
83 88 1
89 83 2
25 27 1
1 40 2
56 77 1
64 6 2
86 80 1
50 43 2
63 92 1
2 37 2
85 51 1
61 69 2
62 48 1
8 34 2
49 42 1
42 21 2
9 54 1
34 54 2
84 10 1
57 21 2
91 4 1
34 66 2
18 29 1
54 40 2
87 88 1
95 11 2
90 10 1
24 78 2
83 27 1
14 10 2
82 65 1
95 39 2
8 38 1
27 83 2
25 47 1
48 18 2
25 61 1
24 30 2
7 51 1
27 45 2
29 42 1
87 60 2
58 66 1
21 44 2
87 59 1
1 80 2
53 64 1
85 54 2
26 49 1
98 28 2
5 34 1
58 70 2
55 16 1
28 67 2
47 55 1
36 55 2
20 97 1
12 66 2
94 79 1
40 3 2
55 80 1
12 3 2
26 1 1
83 89 2
4 55 1
52 86 2
41 98 1
23 25 2
6 36 1
95 5 2
59 9 1
10 26 2
38 55 1
45 68 2
84 98 1
52 5 2
48 67 1
64 46 2
16 13 1
29 47 2
77 81 1
38 76 2
75 16 1
15 42 2
14 27 1
17 96 2
74 60 1
45 26 2
42 15 1
39 69 2
10 96 1
93 27 2
3 38 1
17 1 2
87 30 1
1 81 2
59 67 1
54 68 2
68 40 1
85 43 2
87 48 1
92 11 2
63 74 1
13 36 2
5 47 1
13 83 2
8 42 1
68 60 2
98 33 1
49 95 2
74 58 1
9 61 2
58 79 1
54 21 2
6 88 1
57 35 2
51 32 1
8 39 2
96 28 1
74 80 2
38 35 1
82 11 2
24 22 1
0 38 2
80 86 1
64 4 2
2 38 1
18 91 2
3 35 1
82 93 2
2 42 1
1 61 2
40 42 1
33 84 2
10 63 1
46 25 2
25 78 1
35 17 2
68 81 1
31 2 2
84 88 1
0 72 2
55 20 1
47 23 2
67 25 1
89 22 2
14 23 1
37 69 2
47 29 1
52 56 2
24 92 1
13 50 2
77 20 1
71 56 2
74 93 1
52 43 2
72 49 1
72 21 2
61 81 1
49 78 2
0 18 1
31 13 2
23 90 1
72 7 2
57 56 1
93 58 2
4 53 1
65 75 2
95 66 1
4 49 2
84 55 1
77 33 2
30 83 1
84 74 2
63 3 1
47 91 2
91 43 1
39 32 2
60 61 1
88 69 2
4 38 1
52 8 2
72 96 1
76 26 2
29 65 1
44 6 2
29 1 1
10 82 2
67 61 1
31 27 2
98 14 1
3 69 2
5 17 1
54 13 2
53 88 1
23 19 2
34 9 1
57 7 2
52 71 1
46 8 2
71 81 1
87 28 2
8 72 1
16 0 2
65 67 1
32 34 2
71 80 1
30 30 2
45 67 1
55 47 2
39 65 1
14 45 2
16 72 1
10 84 2
65 33 1
96 32 2
3 26 1
76 65 2
50 13 1
71 33 2
38 9 1
10 15 2
26 50 1
17 10 2
35 77 1
30 67 2
83 18 1
35 41 2
70 68 1
43 67 2
85 69 1
60 34 2
10 27 1
74 90 2
44 81 1
90 82 2
29 85 1
77 49 2
3 58 1
12 64 2
10 79 1
52 87 2
66 82 1
63 64 2
20 45 1
37 58 2
41 13 1
49 36 2
17 52 1
29 59 2
35 57 1
69 13 2
3 11 1
39 44 2
39 97 1
68 50 2
9 97 1
67 67 2
49 80 1
79 32 2
16 62 1
84 32 2
94 61 1
32 92 2
95 59 1
86 79 2
1 89 1
67 90 2
28 46 1
72 87 2
55 28 1
1 87 2
21 28 1
74 4 2
70 37 1
45 81 2
13 5 1
61 73 2
79 60 1
39 13 2
38 83 1
60 78 2
7 92 1
65 62 2
78 11 1
87 71 2
98 37 1
77 90 2
47 43 1
7 7 2
20 29 1
63 75 2
63 43 1
45 82 2
41 95 1
52 54 2
68 53 1
18 44 2
74 28 1
50 74 2
34 47 1
27 77 2
83 21 1
3 28 2
14 68 1
7 72 2
68 51 1
77 96 2
90 26 1
1 98 2
4 19 1
15 47 2
17 81 1
20 36 2
5 22 1
37 59 2
15 45 1
59 52 2
7 33 1
20 89 2
59 91 1
56 40 2
71 10 1
79 63 2
5 96 1
56 54 2
61 42 1
13 59 2
7 4 1
38 8 2
73 75 1
17 86 2
67 29 1
90 88 2
67 72 1
15 76 2
23 84 1
64 87 2
98 8 1
81 4 2
97 67 1
40 62 2
25 51 1
15 93 2
37 0 1
74 77 2
90 73 1
49 40 2
89 17 1
89 46 2
87 78 1
49 74 2
56 39 1
61 48 2
41 17 1
28 16 2
29 30 1
57 28 2
57 19 1
54 50 2
78 38 1
84 66 2
30 90 1
95 53 2
46 70 1
34 88 2
76 8 1
5 16 2
39 40 1
26 80 2
30 86 1
21 24 2
36 94 1
28 71 2
23 95 1
76 13 2
98 46 1
81 27 2
72 53 1
57 27 2
22 17 1
72 48 2
40 69 1
56 58 2
14 61 1
79 29 2
60 76 1
94 35 2
50 69 1
18 17 2
75 42 1
77 63 2
77 91 1
90 93 2
62 18 1
16 81 2
26 96 1
72 97 2
65 40 1
33 28 2
92 40 1
46 85 2
45 25 1
1 79 2
62 77 1
73 55 2
11 62 1
51 84 2
62 47 1
29 31 2
61 13 1
46 50 2
57 68 1
42 47 2
30 37 1
41 34 2
61 15 1
24 88 2
61 9 1
36 44 2
86 34 1
66 52 2
57 3 1
5 55 2
3 40 1
10 95 2
20 34 1
24 18 2
8 27 1
0 90 2
40 97 1
50 61 2
71 21 1
37 82 2
55 15 1
18 89 2
82 48 1
36 39 2
54 51 1
59 61 2
21 16 1
76 83 2
79 55 1
84 59 2
43 43 1
53 51 2
35 95 1
77 60 2
12 95 1
86 23 2
46 41 1
45 52 2
69 85 1
70 89 2
32 47 1
38 80 2
91 7 1
31 71 2
71 55 1
44 40 2
92 58 1
60 71 2
46 39 1
85 61 2
87 66 1
64 97 2
47 69 1
73 59 2
61 56 1
37 8 2
67 51 1
37 98 2
58 93 1
58 54 2
6 27 1
28 92 2
69 8 1
68 76 2
17 23 1
67 59 2
13 61 1
13 63 2
66 40 1
30 62 2
27 2 1
25 56 2
28 6 1
92 78 2
89 76 1
60 54 2
54 7 1
28 76 2
93 81 1
59 85 2
50 97 1
67 31 2
31 75 1
46 23 2
33 38 1
33 86 2
43 19 1
48 19 2
27 69 1
24 46 2
16 31 1
73 80 2
44 85 1
2 96 2
29 67 1
73 65 2
84 41 1
32 75 2
96 92 1
23 12 2
35 14 1
68 5 2
65 46 1
51 69 2
26 39 1
64 2 2
69 47 1
86 30 2
67 49 1
2 44 2
17 2 1
23 21 2
8 80 1
70 61 2
98 5 1
84 11 2
31 57 1
92 64 2
28 29 1
86 39 2
57 29 1
82 38 2
49 73 1
58 84 2
89 33 1
8 88 2
36 73 1
49 21 2
19 4 1
22 32 2
79 43 1
62 56 2
62 49 1
98 97 2
65 83 1
7 81 2
55 61 1
96 97 2
58 14 1
29 78 2
80 71 1
17 50 2
41 67 1
91 12 2
20 76 1
45 27 2
16 58 1
88 86 2
76 54 1
0 63 2
11 53 1
55 77 2
26 51 1
45 79 2
50 17 1
75 37 2
86 42 1
84 37 2
27 7 1
80 44 2
75 27 1
82 97 2
65 57 1
42 22 2
39 28 1
66 22 2
26 15 1
96 58 2
2 12 1
29 86 2
20 4 1
1 48 2
70 55 1
82 61 2
46 65 1
66 97 2
31 70 1
33 62 2
89 94 1
31 63 2
59 33 1
49 26 2
40 33 1
22 20 2
56 36 1
74 73 2
79 65 1
34 7 2
15 34 1
0 61 2
60 42 1
42 49 2
0 45 1
53 14 2
42 88 1
23 69 2
67 56 1
29 43 2
44 14 1
5 80 2
80 96 1
30 11 2
39 21 1
49 11 2
30 97 1
14 3 2
67 28 1
64 54 2
48 93 1
23 7 2
38 62 1
18 3 2
37 15 1
56 7 2
82 79 1
92 45 2
59 87 1
75 41 2
3 61 1
7 24 2
90 85 1
44 4 2
78 52 1
94 92 2
6 97 1
40 53 2
87 68 1
58 52 2
21 7 1
14 44 2
33 76 1
0 97 2
27 17 1
23 37 2
12 7 1
29 25 2
70 93 1
79 97 2
78 20 1
15 39 2
79 83 1
87 61 2
67 5 1
65 34 2
85 67 1
35 75 2
48 3 1
44 38 2
94 86 1
15 61 2
19 32 1
34 32 2
38 57 1
63 30 2
76 30 1
95 86 2
74 6 1
33 66 2
48 10 1
90 28 2
36 27 1
98 30 2
87 96 1
86 31 2
27 28 1
25 74 2
33 93 1
16 54 2
85 85 1
42 8 2
63 52 1
96 77 2
6 30 1
28 90 2
74 81 1
25 28 2
1 65 1
9 22 2
95 40 1
46 87 2
49 97 1
28 61 2
93 61 1
60 7 2
96 62 1
70 54 2
14 91 1
81 34 2
28 5 1
6 63 2
77 85 1
0 80 2
53 1 1
33 15 2
82 85 1
76 46 2
11 28 1
88 61 2
85 41 1
21 70 2
96 69 1
30 32 2
81 94 1
14 69 2
73 13 1
18 30 2
53 92 1
47 27 2
63 14 1
73 51 2
25 50 1
68 95 2
48 86 1
69 50 2
9 69 1
62 11 2
50 81 1
39 33 2
62 60 1
69 68 2
30 89 1
59 71 2
68 79 1
23 89 2
24 81 1
9 51 2
9 93 1
47 57 2
24 11 1
58 44 2
31 65 1
53 56 2
81 15 1
35 44 2
69 83 1
42 16 2
20 16 1
33 34 2
44 62 1
28 53 2
29 96 1
25 44 2
31 36 1
38 96 2
92 42 1
34 56 2
54 75 1
53 93 2
22 73 1
46 18 2
51 90 1
70 30 2
51 33 1
25 46 2
49 45 1
50 71 2
11 64 1
83 57 2
8 45 1
11 46 2
97 98 1
85 26 2
70 72 1
62 59 2
10 77 1
58 2 2
33 63 1
57 42 2
57 66 1
17 12 2
27 93 1
69 62 2
70 81 1
69 79 2
51 58 1
84 80 2
20 31 1
89 32 2
51 30 1
16 83 2
30 63 1
69 31 2
63 84 1
64 76 2
15 2 1
94 44 2
93 23 1
58 95 2
63 49 1
70 70 2
36 65 1
2 58 2
71 22 1
84 20 2
96 29 1
4 8 2
40 27 1
34 30 2
72 64 1
69 73 2
30 0 1
64 74 2
87 17 1
41 47 2
92 81 1
34 31 2
70 59 1
45 4 2
37 81 1
51 74 2
14 28 1
87 70 2
37 79 1
77 89 2
73 81 1
63 15 2
29 68 1
92 66 2
40 0 1
61 57 2
20 30 1
86 72 2
45 62 1
84 46 2
17 9 1
93 35 2
6 86 1
72 65 2
85 83 1
94 37 2
46 89 1
67 53 2
51 19 1
35 7 2
56 81 1
81 59 2
63 97 1
98 77 2
10 37 1
63 38 2
48 21 1
50 72 2
61 90 1
2 49 2
50 31 1
89 67 2
1 66 1
83 92 2
53 98 1
36 52 2
72 82 1
97 30 2
77 6 1
41 35 2
29 2 1
41 50 2
90 47 1
13 71 2
9 6 1
5 73 2
76 15 1
9 55 2
43 61 1
62 71 2
76 32 1
3 87 2
47 52 1
28 20 2
68 54 1
26 13 2
18 49 1
34 19 2
22 4 1
88 74 2
54 31 1
69 80 2
56 47 1
8 59 2
82 23 1
13 87 2
77 24 1
24 49 2
61 2 1
17 85 2
83 38 1
61 5 2
19 86 1
56 30 2
74 57 1
45 23 2
6 9 1
81 1 2
1 78 1
80 62 2
19 75 1
26 92 2
54 45 1
89 28 2
80 74 1
86 94 2
51 27 1
0 54 2
84 18 1
84 3 2
58 74 1
70 36 2
18 85 1
94 9 2
60 13 1
65 55 2
67 1 1
39 15 2
3 1 1
13 17 2
12 2 1
65 80 2
4 60 1
70 53 2
44 91 1
13 91 2
92 26 1
42 81 2
0 96 1
36 26 2
80 56 1
70 88 2
51 12 1
93 55 2
15 60 1
23 49 2
21 62 1
31 93 2
41 82 1
21 32 2
96 93 1
6 87 2
94 57 1
61 64 2
60 95 1
46 86 2
13 6 1
90 44 2
36 74 1
63 25 2
4 39 1
20 37 2
46 55 1
64 14 2
71 65 1
53 73 2
43 47 1
68 1 2
42 96 1
2 78 2
6 2 1
23 67 2
70 47 1
34 10 2
19 3 1
80 54 2
53 8 1
65 74 2
32 73 1
15 19 2
57 23 1
2 47 2
78 15 1
20 84 2
86 92 1
3 34 2
92 4 1
21 10 2
55 81 1
12 9 2
22 64 1
57 22 2
95 17 1
9 84 2
16 27 1
80 60 2
20 9 1
97 23 2
47 26 1
55 98 2
46 67 1
45 95 2
75 89 1
56 3 2
13 16 1
60 90 2
86 62 1
38 15 2
27 31 1
56 94 2
76 38 1
46 24 2
71 76 1
31 31 2
87 56 1
22 75 2
96 47 1
0 58 2
63 50 1
22 89 2
22 34 1
51 81 2
25 68 1
11 79 2
60 44 1
50 85 2
61 72 1
45 57 2
74 56 1
47 34 2
23 58 1
34 74 2
38 6 1
20 26 2
87 89 1
91 34 2
63 82 1
76 50 2
29 22 1
86 61 2
3 56 1
78 55 2
31 16 1
3 14 2
86 65 1
84 61 2
88 67 1
16 97 2
46 4 1
10 52 2
11 24 1
7 20 2
47 95 1
73 24 2
77 0 1
59 19 2
36 38 1
8 21 2
89 10 1
30 36 2
96 1 1
79 92 2
28 47 1
91 49 2
33 13 1
1 26 2
56 29 1
55 72 2
22 0 1
87 86 2
21 36 1
26 38 2
42 5 1
26 61 2
94 45 1
56 52 2
18 95 1
13 42 2
71 31 1
9 98 2
50 28 1
76 28 2
84 50 1
71 73 2
95 98 1
12 14 2
23 97 1
23 66 2
86 4 1
85 20 2
16 28 1
45 49 2
51 70 1
50 25 2
89 84 1
68 83 2
34 3 1
29 40 2
8 19 1
77 27 2
61 34 1
24 62 2
72 12 1
62 96 2
81 64 1
70 2 2
38 98 1
35 12 2
19 96 1
1 74 2
92 51 1
56 69 2
85 90 1
70 76 2
77 72 1
18 72 2
71 30 1
6 10 2
11 82 1
74 78 2
94 68 1
25 89 2
12 1 1
80 6 2
98 90 1
18 7 2
71 69 1
6 94 2
74 36 1
9 10 2
92 97 1
65 4 2
66 88 1
59 29 2
39 6 1
80 39 2
51 35 1
24 66 2
52 97 1
63 11 2
21 6 1
39 7 2
10 17 1
36 84 2
44 12 1
26 88 2
35 27 1
55 65 2
54 73 1
7 22 2
36 72 1
85 62 2
4 18 1
41 9 2
34 64 1
26 58 2
45 33 1
41 38 2
0 48 1
73 44 2
68 17 1
81 72 2
40 41 1
35 0 2
18 16 1
56 88 2
32 74 1
82 78 2
87 31 1
20 42 2
38 86 1
44 10 2
2 2 1
92 50 2
41 56 1
58 28 2
71 12 1
95 3 2
96 78 1
36 83 2
84 82 1
71 89 2
64 72 1
42 25 2
26 20 1
10 45 2
6 22 1
9 59 2
23 72 1
93 26 2
18 37 1
65 93 2
93 96 1
27 58 2
31 87 1
68 91 2
84 71 1
44 65 2
64 37 1
84 0 2
38 50 1
82 87 2
84 5 1
61 61 2
86 9 1
22 42 2
17 90 1
8 67 2
54 54 1
82 92 2
33 6 1
1 68 2
21 31 1
13 70 2
27 32 1
89 20 2
32 86 1
11 52 2
62 90 1
52 19 2
89 3 1
53 50 2
67 68 1
23 63 2
21 49 1
35 93 2
65 56 1
49 37 2
51 22 1
9 72 2
88 42 1
43 74 2
98 7 1
71 60 2
45 19 1
50 47 2
21 76 1
11 21 2
70 42 1
37 42 2
59 93 1
84 81 2
92 93 1
1 23 2
67 48 1
22 92 2
21 82 1
33 94 2
37 54 1
20 98 2
10 40 1
68 59 2
58 16 1
14 35 2
74 40 1
9 70 2
96 33 1
77 47 2
36 51 1
34 68 2
41 2 1
58 92 2
16 67 1
76 75 2
6 7 1
61 26 2
90 6 1
69 93 2
0 94 1
88 88 2
10 5 1
92 65 2
58 47 1
24 93 2
35 79 1
45 56 2
16 38 1
50 60 2
31 29 1
10 49 2
83 8 1
17 45 2
44 1 1
56 56 2
25 70 1
39 55 2
1 22 1
57 83 2
78 50 1
81 21 2
62 88 1
83 86 2
12 42 1
92 57 2
54 71 1
15 3 2
10 55 1
17 59 2
60 8 1
91 23 2
17 69 1
3 5 2
78 46 1
18 31 2
45 63 1
68 12 2
85 24 1
65 8 2
51 5 1
27 88 2
62 46 1
35 42 2
32 56 1
84 57 2
17 53 1
47 66 2
89 58 1
65 16 2
54 64 1
89 39 2
61 47 1
92 87 2
1 15 1
5 37 2
68 47 1
96 59 2
48 61 1
57 60 2
80 10 1
9 5 2
63 96 1
42 92 2
69 58 1
30 70 2
63 69 1
49 63 2
75 54 1
86 36 2
43 34 1
37 3 2
56 82 1
45 45 2
33 5 1
12 11 2
40 77 1
10 9 2
60 86 1
74 75 2
85 34 1
89 85 2
52 65 1
21 37 2
61 36 1
97 86 2
2 83 1
71 42 2
98 22 1
7 82 2
0 51 1
19 13 2
69 54 1
62 62 2
7 43 1
88 53 2
54 42 1
18 71 2
63 88 1
96 35 2
28 91 1
72 35 2
31 94 1
74 65 2
34 42 1
89 73 2
1 64 1
94 60 2
4 37 1
90 80 2
53 12 1
71 97 2
86 0 1
31 79 2
96 75 1
12 74 2
70 49 1
25 37 2
26 45 1
17 88 2
26 78 1
74 1 2
24 39 1
14 54 2
18 8 1
22 33 2
23 80 1
69 18 2
85 7 1
38 24 2
24 91 1
69 66 2
23 28 1
98 53 2
78 66 1
40 18 2
40 86 1
10 47 2
28 12 1
30 75 2
36 82 1
3 91 2
28 97 1
63 28 2
88 15 1
90 52 2
34 44 1
73 39 2
34 69 1
83 83 2
94 31 1
46 33 2
75 14 1
90 54 2
33 68 1
89 96 2
92 52 1
87 47 2
46 68 1
67 22 2
24 10 1
30 38 2
22 50 1
25 41 2
23 51 1
48 42 2
85 60 1
51 3 2
48 63 1
17 76 2
73 64 1
9 56 2
51 72 1
92 7 2
66 29 1
9 37 2
97 71 1
0 23 2
79 27 1
12 27 2
97 56 1
55 38 2
24 36 1
24 43 2
12 31 1
72 55 2
3 72 1
18 90 2
77 45 1
76 98 2
57 45 1
34 0 2
65 86 1
13 37 2
65 71 1
87 63 2
82 15 1
14 70 2
81 56 1
63 95 2
94 4 1
95 58 2
52 10 1
17 55 2
45 89 1
40 93 2
67 69 1
84 15 2
70 50 1
77 74 2
97 12 1
89 37 2
6 38 1
11 98 2
74 30 1
64 22 2
20 75 1
59 28 2
53 62 1
50 39 2
35 1 1
71 93 2
22 66 1
59 44 2
41 41 1
98 75 2
44 68 1
10 44 2
71 39 1
11 20 2
17 27 1
3 74 2
29 97 1
26 60 2
62 58 1
39 50 2
57 59 1
73 69 2
28 94 1
27 80 2
12 94 1
81 37 2
47 77 1
70 33 2
35 50 1
92 72 2
31 8 1
12 58 2
87 22 1
0 14 2
65 24 1
7 52 2
2 73 1
72 19 2
95 88 1
47 15 2
54 53 1
60 53 2
36 15 1
94 47 2
28 43 1
18 83 2
69 76 1
11 80 2
32 21 1
16 88 2
57 95 1
67 78 2
68 82 1
60 50 2
58 21 1
78 31 2
17 65 1
4 0 2
90 22 1
19 66 2
69 56 1
22 51 2
49 61 1
78 41 2
63 68 1
47 75 2
60 0 1
13 38 2
44 9 1
1 69 2
54 85 1
23 68 2
40 89 1
56 37 2
82 64 1
94 66 2
53 54 1
56 10 2
88 11 1
9 68 2
70 71 1
27 76 2
4 45 1
54 14 2
23 18 1
93 86 2
40 35 1
15 28 2
8 35 1
96 16 2
8 16 1
17 91 2
44 86 1
88 50 2
18 63 1
72 67 2
36 67 1
22 36 2
76 22 1
39 41 2
63 2 1
40 85 2
20 33 1
7 76 2
82 77 1
32 37 2
7 86 1
52 3 2
93 16 1
17 95 2
97 60 1
47 80 2
65 69 1
98 94 2
50 95 1
78 6 2
21 71 1
5 41 2
38 87 1
82 59 2
42 31 1
27 73 2
3 97 1
3 62 2
4 34 1
95 63 2
51 67 1
91 31 2
23 42 1
31 26 2
28 75 1
92 23 2
7 84 1
72 77 2
61 22 1
24 14 2
8 62 1
21 21 2
88 93 1
22 90 2
37 74 1
28 63 2
84 75 1
78 13 2
38 46 1
12 12 2
90 19 1
14 81 2
40 30 1
37 52 2
79 48 1
90 48 2
21 74 1
77 15 2
30 23 1
17 43 2
66 36 1
29 50 2
14 47 1
2 92 2
8 69 1
15 80 2
31 5 1
34 96 2
12 78 1
28 4 2
27 92 1
80 1 2
40 5 1
79 85 2
93 34 1
77 98 2
25 32 1
77 77 2
48 44 1
63 73 2
60 43 1
22 56 2
95 13 1
82 94 2
87 38 1
77 57 2
53 71 1
60 36 2
20 60 1
62 44 2
88 46 1
46 10 2
54 86 1
74 33 2
19 29 1
64 48 2
21 50 1
8 9 2
66 46 1
57 86 2
23 44 1
37 96 2
26 89 1
23 2 2
66 2 1
72 81 2
28 19 1
2 32 2
38 81 1
20 6 2
32 30 1
7 59 2
11 26 1
53 42 2
64 80 1
15 21 2
56 8 1
36 7 2
9 49 1
29 83 2
28 89 1
52 45 2
53 53 1
65 32 2
97 9 1
65 25 2
59 17 1
46 61 2
10 21 1
38 22 2
28 18 1
74 61 2
45 69 1
6 28 2
93 48 1
85 66 2
73 16 1
10 75 2
6 95 1
72 68 2
81 68 1
92 20 2
69 84 1
56 46 2
90 8 1
79 35 2
55 78 1
92 48 2
2 18 1
94 52 2
96 61 1
43 62 2
79 31 1
88 7 2
81 51 1
22 70 2
19 1 1
37 76 2
33 19 1
79 82 2
79 96 1
64 20 2
85 36 1
54 84 2
52 67 1
69 46 2
8 76 1
1 7 2
96 56 1
43 72 2
22 84 1
34 5 2
23 54 1
66 81 2
78 43 1
51 64 2
47 3 1
91 24 2
52 26 1
68 14 2
22 74 1
88 72 2
66 28 1
45 0 2
64 67 1
23 57 2
8 40 1
32 85 2
47 92 1
72 24 2
69 32 1
65 36 2
17 64 1
24 94 2
10 92 1
26 48 2
65 85 1
9 30 2
91 90 1
36 47 2
26 59 1
79 39 2
96 72 1
89 4 2
83 17 1
86 41 2
43 66 1
11 65 2
64 23 1
3 44 2
72 93 1
15 83 2
37 75 1
35 23 2
47 88 1
48 31 2
88 10 1
43 88 2
47 63 1
5 65 2
56 6 1
64 95 2
8 22 1
17 3 2
40 43 1
32 61 2
16 77 1
61 21 2
11 6 1
17 94 2
98 34 1
55 84 2
63 86 1
90 63 2
95 41 1
37 27 2
61 11 1
83 1 2
62 38 1
86 66 2
13 15 1
73 86 2
18 6 1
34 17 2
71 20 1
38 79 2
85 17 1
46 45 2
18 22 1
64 70 2
56 83 1
15 87 2
11 68 1
44 75 2
94 24 1
33 65 2
3 82 1
79 15 2
16 6 1
84 97 2
3 45 1
40 80 2
22 23 1
11 11 2
69 49 1
58 65 2
85 91 1
0 10 2
98 6 1
20 53 2
79 52 1
19 87 2
17 5 1
92 10 2
11 47 1
16 46 2
28 44 1
85 82 2
16 89 1
88 31 2
71 47 1
9 43 2
36 18 1
5 31 2
30 10 1
55 36 2
22 5 1
72 91 2
71 23 1
75 62 2
5 49 1
42 98 2
76 16 1
3 68 2
59 27 1
52 41 2
20 87 1
28 74 2
54 90 1
10 57 2
34 36 1
53 46 2
57 0 1
3 80 2
78 10 1
6 4 2
53 77 1
5 38 2
76 27 1
57 93 2
94 43 1
62 78 2
88 63 1
34 73 2
63 60 1
91 96 2
98 10 1
42 55 2
29 62 1
52 66 2
45 51 1
59 2 2
49 12 1
37 6 2
66 90 1
14 83 2
3 70 1
98 81 2
95 30 1
9 57 2
20 8 1
90 97 2
2 21 1
45 59 2
93 4 1
7 53 2
11 29 1
42 64 2
98 39 1
60 19 2
10 46 1
48 65 2
57 78 1
42 63 2
26 56 1
76 45 2
27 47 1
61 4 2
90 91 1
78 78 2
81 65 1
85 0 2
6 72 1
43 4 2
35 88 1
29 53 2
33 22 1
93 43 2
31 48 1
16 17 2
83 58 1
55 53 2
4 93 1
82 55 2
40 67 1
75 44 2
27 90 1
9 26 2
16 34 1
60 75 2
3 49 1
24 64 2
63 91 1
14 30 2
61 40 1
85 21 2
61 76 1
21 84 2
24 9 1
80 35 2
61 7 1
78 86 2
91 57 1
41 61 2
56 11 1
26 71 2
82 31 1
4 66 2
87 42 1
22 6 2
88 71 1
71 74 2
53 20 1
12 77 2
62 9 1
57 14 2
0 19 1
77 79 2
16 52 1
36 76 2
79 93 1
81 25 2
83 85 1
79 46 2
10 59 1
24 65 2
2 22 1
78 61 2
67 96 1
31 97 2
10 58 1
55 52 2
40 38 1
81 50 2
82 52 1
80 58 2
9 0 1
98 64 2
28 21 1
52 77 2
53 60 1
26 97 2
37 17 1
88 79 2
64 69 1
2 62 2
26 4 1
57 5 2
62 3 1
6 51 2
44 44 1
7 25 2
7 74 1
49 64 2
10 76 1
58 39 2
86 40 1
47 2 2
74 3 1
65 53 2
51 75 1
48 82 2
22 46 1
17 93 2
41 5 1
89 91 2
59 34 1
51 36 2
97 76 1
10 34 2
51 66 1
5 86 2
76 66 1
57 33 2
76 39 1
8 18 2
40 15 1
55 59 2
88 89 1
47 12 2
8 77 1
39 47 2
27 63 1
78 30 2
62 36 1
79 42 2
68 65 1
75 72 2
97 89 1
52 70 2
74 41 1
16 51 2
24 52 1
83 48 2
66 18 1
40 50 2
77 80 1
84 96 2
35 87 1
41 16 2
1 3 1
12 32 2
37 72 1
12 34 2
84 92 1
95 69 2
46 66 1
84 40 2
49 5 1
84 49 2
93 65 1
32 40 2
66 8 1
1 19 2
87 95 1
51 88 2
5 4 1
96 34 2
68 29 1
43 50 2
36 31 1
75 4 2
0 20 1
69 42 2
69 33 1
94 32 2
7 2 1
94 15 2
8 4 1
74 53 2
0 29 1
84 9 2
37 91 1
39 42 2
66 23 1
72 10 2
45 74 1
41 84 2
42 36 1
87 79 2
83 0 1
85 25 2
80 30 1
23 23 2
70 18 1
51 17 2
19 8 1
45 3 2
66 30 1
2 66 2
31 77 1
72 75 2
31 52 1
14 5 2
43 27 1
53 28 2
14 11 1
79 59 2
83 16 1
23 73 2
73 57 1
8 36 2
87 82 1
8 86 2
54 41 1
86 54 2
75 78 1
68 9 2
85 6 1
27 56 2
68 58 1
28 81 2
94 93 1
71 52 2
11 75 1
30 88 2
93 95 1
26 91 2
10 98 1
28 85 2
15 38 1
90 34 2
43 38 1
19 16 2
71 75 1
93 97 2
98 24 1
72 18 2
89 34 1
7 96 2
8 25 1
34 23 2
92 92 1
11 5 2
37 84 1
12 86 2
49 3 1
9 38 2
40 51 1
6 40 2
56 95 1
57 53 2
42 44 1
36 56 2
43 75 1
10 56 2
83 63 1
33 31 2
43 83 1
43 53 2
92 77 1
58 5 2
57 1 1
69 35 2
32 90 1
61 6 2
93 39 1
26 84 2
49 70 1
55 50 2
22 69 1
75 61 2
42 70 1
35 52 2
65 66 1
25 63 2
60 39 1
42 80 2
42 77 1
68 84 2
40 4 1
97 90 2
60 48 1
59 23 2
20 47 1
89 5 2
29 54 1
44 27 2
62 29 1
2 71 2
64 66 1
53 66 2
46 42 1
89 62 2
26 10 1
34 89 2
98 32 1
48 26 2
9 88 1
25 58 2
30 14 1
21 72 2
92 43 1
13 97 2
33 52 1
17 13 2
24 23 1
9 94 2
69 89 1
72 26 2
7 49 1
61 52 2
19 48 1
32 51 2
30 48 1
12 52 2
32 1 1
28 31 2
68 69 1
27 5 2
55 31 1
69 65 2
87 74 1
79 81 2
95 78 1
18 61 2
16 85 1
28 95 2
65 28 1
17 31 2
14 73 1
33 29 2
31 17 1
46 49 2
26 94 1
71 17 2
41 68 1
93 88 2
89 1 1
30 26 2
67 3 1
3 4 2
81 61 1
16 23 2
43 28 1
69 69 2
94 49 1
70 24 2
78 71 1
24 72 2
9 85 1
12 33 2
45 37 1
36 57 2
6 13 1
11 95 2
1 56 1
2 40 2
82 18 1
13 46 2
41 65 1
41 81 2
81 2 1
32 13 2
31 19 1
86 53 2
17 40 1
86 96 2
75 70 1
24 85 2
19 23 1
97 54 2
72 40 1
34 83 2
23 91 1
80 91 2
80 82 1
90 81 2
41 32 1
76 57 2
74 89 1
59 81 2
64 39 1
63 89 2
31 51 1
66 48 2
4 46 1
7 38 2
62 67 1
62 66 2
68 61 1
67 4 2
50 42 1
22 49 2
7 45 1
19 10 2
38 11 1
7 77 2
74 95 1
23 48 2
88 48 1
98 48 2
15 12 1
13 8 2
29 29 1
54 2 2
42 50 1
98 67 2
19 9 1
56 26 2
80 55 1
39 11 2
49 4 1
26 7 2
70 84 1
31 54 2
8 84 1
36 61 2
75 12 1
25 25 2
49 96 1
40 95 2
80 12 1
59 49 2
64 78 1
64 71 2
48 32 1
42 57 2
47 58 1
82 30 2
11 33 1
32 31 2
3 78 1
63 22 2
66 4 1
32 80 2
24 34 1
27 35 2
10 65 1
13 28 2
53 94 1
79 86 2
21 19 1
0 57 2
93 22 1
86 29 2
40 39 1
51 54 2
49 8 1
41 73 2
96 89 1
94 81 2
57 55 1
69 7 2
34 1 1
29 5 2
42 0 1
